   6.0384948e-03  -3.4112893e-03
   2.1930551e-03   3.5128871e-03
  -1.1439171e-02  -3.6605346e-03
  -1.1389627e-02   4.9393672e-03
   1.1484146e-02   5.8930983e-03
  -8.1412667e-03   6.5483005e-03
   1.0381446e-02  -6.6436434e-03
  -8.6954296e-03   1.0365863e-03
   2.3115611e-03  -5.0714260e-03
   6.3271400e-04  -2.4664549e-04
  -8.5721778e-01   5.2398988e-04
  -8.6889287e-01   3.4953315e-03
  -8.5414627e-01  -5.3734733e-02
  -8.7015638e-01  -1.3238244e-01
  -8.5653744e-01  -2.3006610e-01
  -8.5800963e-01  -3.4291444e-01
  -8.7003088e-01  -4.7075581e-01
  -8.5516465e-01  -5.9490753e-01
  -8.6411210e-01  -7.1411144e-01
  -8.7087750e-01  -8.2639728e-01
  -8.6790611e-01  -9.4400940e-01
  -8.5750099e-01  -1.0492942e+00
  -8.6822330e-01  -1.1543646e+00
  -8.6317309e-01  -1.2487178e+00
  -8.5382278e-01  -1.3236911e+00
  -8.5181329e-01  -1.4030797e+00
  -8.7476117e-01  -1.4771361e+00
  -8.6663943e-01  -1.5473812e+00
  -8.5835638e-01  -1.6022291e+00
  -8.6234762e-01  -1.6572630e+00
  -8.7407495e-01  -1.7187000e+00
  -8.6505764e-01  -1.7602195e+00
  -8.5224881e-01  -1.7963079e+00
  -8.5433390e-01  -1.8274340e+00
  -8.6132728e-01  -1.8682821e+00
  -8.5912740e-01  -1.8957081e+00
  -8.5207999e-01  -1.9224143e+00
  -8.5638562e-01  -1.9506347e+00
  -8.5328523e-01  -1.9685525e+00
  -8.6280793e-01  -1.9793961e+00
  -8.5325769e-01  -2.0042987e+00
  -8.5726914e-01  -2.0156546e+00
  -8.5657160e-01  -2.0244123e+00
  -8.5415935e-01  -2.0437266e+00
  -8.5365278e-01  -2.0508056e+00
  -8.6675636e-01  -2.0601967e+00
  -8.7512418e-01  -2.0660886e+00
  -8.6200326e-01  -2.0714870e+00
  -8.6893594e-01  -2.0850687e+00
  -8.5567271e-01  -2.0834623e+00
  -8.6699557e-01  -2.0905968e+00
  -8.6726444e-01  -2.1040473e+00
  -8.5418766e-01  -2.1092332e+00
  -8.5687245e-01  -2.1112462e+00
  -8.5225220e-01  -2.1152539e+00
  -8.5731527e-01  -2.1159333e+00
  -8.6051692e-01  -2.1230117e+00
  -8.6817825e-01  -2.1161773e+00
  -8.5723972e-01  -2.1225815e+00
  -8.6337417e-01  -2.1199956e+00
  -8.5199351e-01  -2.1202012e+00
  -8.5465207e-01  -2.1302015e+00
  -8.5634249e-01  -2.1219774e+00
  -8.7503159e-01  -2.1318959e+00
  -8.5739043e-01  -2.1285458e+00
  -8.6827041e-01  -2.1334042e+00
  -8.5936680e-01  -2.1361779e+00
  -8.7414661e-01  -2.1334458e+00
  -8.5659204e-01  -2.1309831e+00
  -8.6258965e-01  -2.1296399e+00
  -8.7173873e-01  -2.1301646e+00
  -8.6608795e-01  -2.1373407e+00
  -8.5506560e-01  -2.1339681e+00
  -8.7423496e-01  -2.1395154e+00
  -8.7143050e-01  -2.1318879e+00
  -8.6368258e-01  -2.1332206e+00
  -8.7311193e-01  -2.1370353e+00
  -8.6217705e-01  -2.1371253e+00
  -8.7202879e-01  -2.1360635e+00
   6.0548631e-01  -2.1347294e+00
   5.9285407e-01  -2.1390313e+00
   5.8798208e-01  -2.0309291e+00
   5.9201009e-01  -1.8409350e+00
   5.8744289e-01  -1.5981769e+00
   6.0782482e-01  -1.3349872e+00
   5.9968293e-01  -1.0624092e+00
   6.0960431e-01  -7.7092461e-01
   5.9859051e-01  -4.8112930e-01
   5.8874362e-01  -2.1603211e-01
   6.0467326e-01   5.9233639e-02
   5.9109853e-01   3.0495464e-01
   5.9257422e-01   5.2969287e-01
   5.9580900e-01   7.5227888e-01
   6.0731575e-01   9.5218008e-01
   5.9415626e-01   1.1323246e+00
   6.0333300e-01   1.3069150e+00
   6.0457417e-01   1.4593082e+00
   5.9989474e-01   1.5915941e+00
   6.0228554e-01   1.7195590e+00
   6.0648936e-01   1.8338142e+00
   6.0267989e-01   1.9465788e+00
   5.8656325e-01   2.0366494e+00
   5.9027215e-01   2.1234717e+00
   5.9158749e-01   2.1942969e+00
   6.0588757e-01   2.2625704e+00
   5.9767368e-01   2.3175874e+00
   5.9422864e-01   2.3759957e+00
   5.8669869e-01   2.4176829e+00
   5.9378702e-01   2.4604725e+00
   6.0645241e-01   2.5056234e+00
   5.8686882e-01   2.5375418e+00
   5.8843918e-01   2.5679312e+00
   6.0933838e-01   2.6048479e+00
   5.8752136e-01   2.6267977e+00
   5.9733098e-01   2.6402047e+00
   5.9193456e-01   2.6593511e+00
   5.9231087e-01   2.6833482e+00
   6.0585755e-01   2.7022887e+00
   5.8967800e-01   2.7143688e+00
   5.8699366e-01   2.7275689e+00
   6.0223501e-01   2.7366170e+00
   5.9481360e-01   2.7386130e+00
   6.0812616e-01   2.7530051e+00
   6.0548040e-01   2.7597489e+00
   6.0180048e-01   2.7697124e+00
   5.9358645e-01   2.7785780e+00
   6.0179552e-01   2.7831941e+00
   5.9647125e-01   2.7779512e+00
   5.9585141e-01   2.7819040e+00
   5.9765497e-01   2.7952065e+00
   5.8908024e-01   2.8013690e+00
   5.9571421e-01   2.7940999e+00
   6.0933069e-01   2.8041367e+00
   5.8808771e-01   2.7986984e+00
   6.0895663e-01   2.8040700e+00
   6.0706671e-01   2.8035301e+00
   6.0113993e-01   2.8149518e+00
   5.9380328e-01   2.8129880e+00
   5.9933082e-01   2.8189334e+00
   5.9858622e-01   2.8093269e+00
   5.9303760e-01   2.8101603e+00
   6.0806562e-01   2.8115384e+00
   6.0641296e-01   2.8172540e+00
   6.0656544e-01   2.8179120e+00
   5.8954909e-01   2.8221622e+00
   5.9797505e-01   2.8248503e+00
   6.0021102e-01   2.8253874e+00
   6.0533515e-01   2.8186429e+00
   1.5667345e-01   2.8148258e+00
   1.4733624e-01   2.8226435e+00
   1.5112441e-01   2.7628227e+00
   1.6398027e-01   2.6834630e+00
   1.5696344e-01   2.5697312e+00
   1.4449475e-01   2.4392624e+00
   1.6194783e-01   2.3044316e+00
   1.4820195e-01   2.1577118e+00
   1.4937673e-01   2.0282988e+00
   1.4418828e-01   1.9023257e+00
   1.6157912e-01   1.7671413e+00
   1.5284961e-01   1.6476655e+00
   1.6467578e-01   1.5413199e+00
   1.5734043e-01   1.4336567e+00
   1.4610623e-01   1.3355880e+00
   1.5375431e-01   1.2502519e+00
   1.4914885e-01   1.1721573e+00
   1.4777960e-01   1.0991763e+00
   1.6389885e-01   1.0259324e+00
   1.6790955e-01   9.6185946e-01
   1.6773656e-01   9.0594910e-01
   1.5751373e-01   8.5846483e-01
   1.4933229e-01   8.1526905e-01
   1.6766623e-01   7.7083921e-01
   1.5022339e-01   7.4415037e-01
   1.5210007e-01   7.0462907e-01
   1.4499376e-01   6.7366809e-01
   1.6382382e-01   6.4952652e-01
   1.6394971e-01   6.3099860e-01
   1.6463456e-01   6.1100670e-01
   1.6693718e-01   5.9362137e-01
   1.5234950e-01   5.6777776e-01
   1.6417690e-01   5.5364874e-01
   1.6453310e-01   5.4558278e-01
   1.5001926e-01   5.3849882e-01
   1.4976516e-01   5.1631721e-01
   1.6697715e-01   5.1250912e-01
   1.6349007e-01   5.0199165e-01
   1.6726931e-01   4.9199069e-01
   1.6789623e-01   4.9063070e-01
   1.6201136e-01   4.8052623e-01
   1.4845476e-01   4.7507736e-01
   1.5293123e-01   4.7590872e-01
   1.5432956e-01   4.6874586e-01
   1.5283025e-01   4.7187895e-01
   1.5104686e-01   4.6412385e-01
   1.6418870e-01   4.6160628e-01
   1.6704841e-01   4.5148451e-01
   1.5033112e-01   4.6280740e-01
   1.5062564e-01   4.5744424e-01
   1.5121972e-01   4.5751699e-01
   1.5949033e-01   4.5704624e-01
   1.6277088e-01   4.5277767e-01
   1.4433449e-01   4.4926403e-01
   1.6776964e-01   4.5318387e-01
   1.6020964e-01   4.5085366e-01
   1.6797436e-01   4.3894562e-01
   1.6788369e-01   4.4765977e-01
   1.4794761e-01   4.4775261e-01
   1.5172306e-01   4.4446743e-01
   1.4850762e-01   4.4845309e-01
   1.6477481e-01   4.4685771e-01
   1.5089744e-01   4.4600918e-01
   1.6113147e-01   4.3567049e-01
   1.4997528e-01   4.4630249e-01
   1.6777499e-01   4.3948651e-01
   1.4723001e-01   4.3738952e-01
   1.4435401e-01   4.4398773e-01
   1.4846125e-01   4.3992619e-01
  -7.8460747e-01   4.4196927e-01
  -7.9379681e-01   4.3861260e-01
  -8.0752605e-01   3.8592204e-01
  -8.0034670e-01   2.9250045e-01
  -7.9378493e-01   1.7917002e-01
  -8.0366574e-01   3.7056097e-02
  -8.0551062e-01  -9.3404731e-02
  -7.9918222e-01  -2.4058165e-01
  -7.9817179e-01  -3.9113264e-01
  -8.0184534e-01  -5.2713102e-01
  -7.9758608e-01  -6.5068240e-01
  -8.0520724e-01  -7.7287304e-01
  -8.0730747e-01  -8.9139424e-01
  -7.8622498e-01  -1.0042356e+00
  -7.8572423e-01  -1.0999023e+00
  -7.8682978e-01  -1.1983704e+00
  -7.9361799e-01  -1.2750683e+00
  -7.9719640e-01  -1.3556164e+00
  -7.9631008e-01  -1.4196229e+00
  -7.9389971e-01  -1.4873330e+00
  -7.8676512e-01  -1.5394927e+00
  -8.0444902e-01  -1.5968403e+00
  -8.0674571e-01  -1.6393067e+00
  -8.0076117e-01  -1.6874154e+00
  -8.0618637e-01  -1.7234321e+00
  -7.9253630e-01  -1.7548724e+00
  -8.0314273e-01  -1.7866867e+00
  -7.9341137e-01  -1.8143608e+00
  -7.8396007e-01  -1.8348262e+00
  -8.0012755e-01  -1.8559445e+00
  -7.8875022e-01  -1.8719935e+00
  -7.9687371e-01  -1.8888897e+00
  -7.9541655e-01  -1.9114615e+00
  -7.9992217e-01  -1.9145174e+00
  -8.0362528e-01  -1.9279524e+00
  -7.9969899e-01  -1.9410361e+00
  -8.0721116e-01  -1.9611185e+00
  -7.9162743e-01  -1.9575834e+00
  -8.0273723e-01  -1.9749296e+00
  -7.8852823e-01  -1.9709613e+00
  -8.0764083e-01  -1.9872854e+00
  -7.8605714e-01  -1.9837753e+00
  -7.8476017e-01  -1.9909338e+00
  -7.8761120e-01  -2.0032301e+00
  -7.8780993e-01  -2.0056181e+00
  -8.0018697e-01  -2.0026596e+00
  -8.0010301e-01  -2.0052316e+00
  -8.0370189e-01  -2.0097283e+00
  -7.9759244e-01  -2.0173911e+00
  -8.0054068e-01  -2.0136570e+00
  -8.0382995e-01  -2.0249400e+00
  -7.8450831e-01  -2.0210521e+00
  -8.0334445e-01  -2.0205106e+00
  -7.8442009e-01  -2.0283980e+00
  -8.0413106e-01  -2.0260497e+00
  -7.8465826e-01  -2.0216948e+00
  -8.0334205e-01  -2.0277805e+00
  -8.0653380e-01  -2.0286771e+00
  -7.9399896e-01  -2.0277379e+00
  -8.0725970e-01  -2.0333448e+00
  -8.0745178e-01  -2.0244188e+00
  -8.0320140e-01  -2.0223201e+00
  -7.8842574e-01  -2.0285620e+00
  -8.0713318e-01  -2.0354659e+00
  -7.8800105e-01  -2.0339530e+00
  -7.9142279e-01  -2.0291260e+00
  -7.8571962e-01  -2.0292818e+00
  -7.9976198e-01  -2.0314525e+00
  -7.8811237e-01  -2.0286694e+00
  -9.8663352e-01  -2.0341441e+00
  -9.7605868e-01  -2.0372053e+00
  -9.8984339e-01  -2.0364632e+00
  -9.9197895e-01  -2.0487992e+00
  -9.9671909e-01  -2.0461519e+00
  -9.7358964e-01  -2.0612044e+00
  -9.7619924e-01  -2.0710861e+00
  -9.9366022e-01  -2.0747254e+00
  -9.8752518e-01  -2.0945193e+00
  -9.7749029e-01  -2.1079321e+00
  -9.7841595e-01  -2.1080432e+00
  -9.8813170e-01  -2.1204793e+00
  -9.7893032e-01  -2.1325716e+00
  -9.9424634e-01  -2.1339579e+00
  -9.9210341e-01  -2.1443979e+00
  -9.9316485e-01  -2.1523472e+00
  -9.9041879e-01  -2.1581933e+00
  -9.8345238e-01  -2.1643206e+00
  -9.8964482e-01  -2.1711217e+00
  -9.8222753e-01  -2.1680933e+00
  -9.8809788e-01  -2.1789856e+00
  -9.7485508e-01  -2.1803248e+00
  -9.8275479e-01  -2.1795030e+00
  -9.9698394e-01  -2.1783366e+00
  -9.9394710e-01  -2.1896495e+00
  -9.8209227e-01  -2.1850784e+00
  -9.8210740e-01  -2.1977501e+00
  -9.7790851e-01  -2.1984710e+00
  -9.8727602e-01  -2.1961300e+00
  -9.9547804e-01  -2.1928263e+00
  -9.7500024e-01  -2.1978121e+00
  -9.8063583e-01  -2.1921923e+00
  -9.8257540e-01  -2.1963414e+00
  -9.9102466e-01  -2.2011448e+00
  -9.7359625e-01  -2.2057929e+00
  -9.8966741e-01  -2.1964986e+00
  -9.9602982e-01  -2.2006429e+00
  -9.9519971e-01  -2.1979596e+00
  -9.7753085e-01  -2.1990377e+00
  -9.9662295e-01  -2.1985669e+00
  -9.8100627e-01  -2.2037196e+00
  -9.7646309e-01  -2.2075042e+00
  -9.9490867e-01  -2.2130059e+00
  -9.7867175e-01  -2.2054407e+00
  -9.9428794e-01  -2.2049442e+00
  -9.8381687e-01  -2.2037474e+00
  -9.8777334e-01  -2.2086571e+00
  -9.8435261e-01  -2.2140795e+00
  -9.9047842e-01  -2.2140867e+00
  -9.8130394e-01  -2.2042428e+00
  -9.8361285e-01  -2.2136511e+00
  -9.8759126e-01  -2.2127215e+00
  -9.8077123e-01  -2.2085001e+00
  -9.9368923e-01  -2.2031923e+00
  -9.7972641e-01  -2.2147107e+00
  -9.9672418e-01  -2.2147297e+00
  -9.8788909e-01  -2.2125219e+00
  -9.8821313e-01  -2.2109419e+00
  -9.7580369e-01  -2.2097027e+00
  -9.7443946e-01  -2.2114091e+00
  -9.7366168e-01  -2.2041089e+00
  -9.8974464e-01  -2.2147180e+00
  -9.7775737e-01  -2.2101050e+00
  -9.8292246e-01  -2.2140090e+00
  -9.8185403e-01  -2.2152394e+00
  -9.9207964e-01  -2.2082874e+00
  -9.8219835e-01  -2.2128747e+00
  -9.9224685e-01  -2.2025548e+00
  -9.9638959e-01  -2.2040782e+00
  -7.3003743e-01  -2.2021506e+00
  -7.3399674e-01  -2.2083653e+00
  -7.3184348e-01  -2.2001274e+00
  -7.2608316e-01  -2.1929295e+00
  -7.2006256e-01  -2.1809632e+00
  -7.4064915e-01  -2.1609293e+00
  -7.3282279e-01  -2.1471959e+00
  -7.2621860e-01  -2.1192586e+00
  -7.3646443e-01  -2.1070793e+00
  -7.2290615e-01  -2.0900104e+00
  -7.2075935e-01  -2.0765267e+00
  -7.2327857e-01  -2.0514232e+00
  -7.2046540e-01  -2.0367858e+00
  -7.2514759e-01  -2.0241481e+00
  -7.3596232e-01  -2.0183894e+00
  -7.2556739e-01  -2.0026116e+00
  -7.3798317e-01  -1.9920104e+00
  -7.3854866e-01  -1.9786703e+00
  -7.2632377e-01  -1.9785734e+00
  -7.3535592e-01  -1.9701769e+00
  -7.1795193e-01  -1.9628228e+00
  -7.3449136e-01  -1.9607044e+00
  -7.1760434e-01  -1.9493801e+00
  -7.2126309e-01  -1.9440414e+00
  -7.3039053e-01  -1.9397527e+00
  -7.2803346e-01  -1.9363096e+00
  -7.2878393e-01  -1.9275950e+00
  -7.3080539e-01  -1.9322028e+00
  -7.3128361e-01  -1.9211774e+00
  -7.3910875e-01  -1.9236986e+00
  -7.2969588e-01  -1.9166365e+00
  -7.3199431e-01  -1.9114388e+00
  -7.2807073e-01  -1.9109592e+00
  -7.2743002e-01  -1.9102194e+00
  -7.3353541e-01  -1.9121952e+00
  -7.1835871e-01  -1.9066228e+00
  -7.3826958e-01  -1.9092649e+00
  -7.3248719e-01  -1.9139009e+00
  -7.3221449e-01  -1.8999558e+00
  -7.2117369e-01  -1.9047101e+00
  -7.2412570e-01  -1.9028138e+00
  -7.2245904e-01  -1.9016300e+00
  -7.3081607e-01  -1.9098180e+00
  -7.3118131e-01  -1.9092723e+00
  -7.1758311e-01  -1.9080774e+00
  -7.2305379e-01  -1.9049610e+00
  -7.2129550e-01  -1.8976189e+00
  -7.3397514e-01  -1.9045510e+00
  -7.3882193e-01  -1.9064214e+00
  -7.3803621e-01  -1.8959352e+00
  -7.2984286e-01  -1.8960740e+00
  -7.3922657e-01  -1.9048312e+00
  -7.2166178e-01  -1.8937834e+00
  -7.2631468e-01  -1.9057643e+00
  -7.3680182e-01  -1.9017896e+00
  -7.3951174e-01  -1.9009611e+00
  -7.2669275e-01  -1.8985139e+00
  -7.2498298e-01  -1.9001322e+00
  -7.3002152e-01  -1.8978930e+00
  -7.1957935e-01  -1.8967458e+00
  -7.2543603e-01  -1.9016634e+00
  -7.3437771e-01  -1.9012428e+00
  -7.1734678e-01  -1.8990315e+00
  -7.3970880e-01  -1.8966908e+00
  -7.1911130e-01  -1.9041451e+00
  -7.2007199e-01  -1.8990948e+00
  -7.2434754e-01  -1.9026730e+00
  -7.2536367e-01  -1.8943265e+00
  -7.3228706e-01  -1.8937069e+00
   4.1711911e-01  -1.8989051e+00
   4.1710673e-01  -1.8996166e+00
   4.1280273e-01  -1.8225752e+00
   4.0443263e-01  -1.6993071e+00
   4.1166459e-01  -1.5364048e+00
   4.0333799e-01  -1.3579556e+00
   4.1484108e-01  -1.1672900e+00
   4.0505246e-01  -9.6658458e-01
   4.0461465e-01  -7.7955481e-01
   4.1114469e-01  -5.8417465e-01
   4.0802351e-01  -4.1311126e-01
   4.0482667e-01  -2.3969268e-01
   4.1311750e-01  -7.3195989e-02
   3.9957370e-01   7.1368240e-02
   4.1135580e-01   2.0002793e-01
   4.1811611e-01   3.2471610e-01
   4.1696639e-01   4.3857241e-01
   4.1382986e-01   5.5184544e-01
   4.1139995e-01   6.3947025e-01
   3.9824688e-01   7.3442631e-01
   4.2115762e-01   8.1389198e-01
   3.9951961e-01   8.7600024e-01
   4.1091970e-01   9.3630269e-01
   4.1752960e-01   9.9409707e-01
   4.1978845e-01   1.0512368e+00
   4.0325674e-01   1.0948330e+00
   4.2089654e-01   1.1409053e+00
   4.2000340e-01   1.1690873e+00
   4.0065397e-01   1.1994273e+00
   4.0623650e-01   1.2353841e+00
   4.1181409e-01   1.2679375e+00
   4.0866199e-01   1.2824763e+00
   4.1185083e-01   1.3116154e+00
   4.1158171e-01   1.3199995e+00
   3.9948605e-01   1.3430239e+00
   3.9763698e-01   1.3585621e+00
   4.1721058e-01   1.3735434e+00
   4.1158791e-01   1.3809202e+00
   4.1570014e-01   1.3952914e+00
   4.0821418e-01   1.4080975e+00
   3.9837471e-01   1.4104764e+00
   4.1167561e-01   1.4170409e+00
   4.1004288e-01   1.4289626e+00
   4.1506247e-01   1.4278890e+00
   4.0805599e-01   1.4430889e+00
   4.0458651e-01   1.4352931e+00
   4.1821356e-01   1.4503121e+00
   4.1370667e-01   1.4446038e+00
   4.1586990e-01   1.4469847e+00
   3.9767428e-01   1.4485299e+00
   4.0884610e-01   1.4611401e+00
   4.0239771e-01   1.4600952e+00
   4.1299184e-01   1.4657987e+00
   4.1929422e-01   1.4657070e+00
   4.1483705e-01   1.4679058e+00
   4.1233847e-01   1.4731586e+00
   4.1336851e-01   1.4698155e+00
   4.1444979e-01   1.4692720e+00
   4.2114890e-01   1.4648806e+00
   4.2072370e-01   1.4736166e+00
   4.1619358e-01   1.4668698e+00
   4.1556465e-01   1.4783409e+00
   4.1225125e-01   1.4782267e+00
   4.1142777e-01   1.4790057e+00
   4.0348287e-01   1.4802330e+00
   3.9862533e-01   1.4730811e+00
   4.0408229e-01   1.4732704e+00
   3.9911920e-01   1.4782012e+00
   4.0248604e-01   1.4745293e+00
  -6.7245636e-01   1.4721537e+00
  -6.6565649e-01   1.4799043e+00
  -6.7192960e-01   1.4118390e+00
  -6.5192155e-01   1.2821097e+00
  -6.5281867e-01   1.1271816e+00
  -6.6202893e-01   9.5590079e-01
  -6.5875318e-01   7.7213548e-01
  -6.5925749e-01   5.9609921e-01
  -6.6233781e-01   4.1283189e-01
  -6.6627487e-01   2.3283101e-01
  -6.7390413e-01   6.0670432e-02
  -6.6570902e-01  -1.0734048e-01
  -6.6564805e-01  -2.6151912e-01
  -6.5118244e-01  -3.9692499e-01
  -6.5105232e-01  -5.2097429e-01
  -6.7255758e-01  -6.4476627e-01
  -6.5352081e-01  -7.4982499e-01
  -6.5499756e-01  -8.5059821e-01
  -6.5719377e-01  -9.4061307e-01
  -6.6190100e-01  -1.0203989e+00
  -6.6520040e-01  -1.1082711e+00
  -6.6643710e-01  -1.1638393e+00
  -6.6878371e-01  -1.2319598e+00
  -6.6406879e-01  -1.2777133e+00
  -6.7370047e-01  -1.3263679e+00
  -6.7282572e-01  -1.3720172e+00
  -6.5413805e-01  -1.4129835e+00
  -6.6355594e-01  -1.4556723e+00
  -6.6332090e-01  -1.4864457e+00
  -6.7179538e-01  -1.5060409e+00
  -6.6386681e-01  -1.5359684e+00
  -6.5275258e-01  -1.5513790e+00
  -6.5807706e-01  -1.5823261e+00
  -6.6076545e-01  -1.5969211e+00
  -6.5076957e-01  -1.6177903e+00
  -6.6261973e-01  -1.6203779e+00
  -6.7287756e-01  -1.6387839e+00
  -6.5356089e-01  -1.6442107e+00
  -6.6260628e-01  -1.6595952e+00
  -6.5704385e-01  -1.6657862e+00
  -6.7279037e-01  -1.6736813e+00
  -6.7360666e-01  -1.6814795e+00
  -6.6567351e-01  -1.6978326e+00
  -6.6769882e-01  -1.6912331e+00
  -6.6339406e-01  -1.6960589e+00
  -6.7127085e-01  -1.7035086e+00
  -6.7126816e-01  -1.7102903e+00
  -6.7380135e-01  -1.7108296e+00
  -6.5086809e-01  -1.7222653e+00
  -6.6951789e-01  -1.7209232e+00
  -6.7133674e-01  -1.7176365e+00
  -6.5804641e-01  -1.7254906e+00
  -6.5722563e-01  -1.7229704e+00
  -6.6603080e-01  -1.7321567e+00
  -6.5964837e-01  -1.7355882e+00
  -6.5066244e-01  -1.7344796e+00
  -6.6537293e-01  -1.7348682e+00
  -6.6383036e-01  -1.7394668e+00
  -6.6598572e-01  -1.7386250e+00
  -6.6840557e-01  -1.7336495e+00
  -6.5522232e-01  -1.7391326e+00
  -6.7410461e-01  -1.7325599e+00
  -6.7049596e-01  -1.7329193e+00
  -6.5502127e-01  -1.7371502e+00
  -6.5247698e-01  -1.7446259e+00
  -6.5625414e-01  -1.7330437e+00
  -6.6108911e-01  -1.7326484e+00
  -6.5708236e-01  -1.7437942e+00
  -6.6695724e-01  -1.7346942e+00
   4.9347925e-01  -1.7347925e+00
   4.9436042e-01  -1.7458719e+00
   4.7297929e-01  -1.6564033e+00
   4.8776162e-01  -1.5242779e+00
   4.8061262e-01  -1.3469568e+00
   4.7388453e-01  -1.1540354e+00
   4.9536836e-01  -9.3589051e-01
   4.9405248e-01  -7.3070244e-01
   4.9341374e-01  -5.1142487e-01
   4.9528469e-01  -3.1379460e-01
   4.9535173e-01  -1.2450283e-01
   4.9372501e-01   6.2600560e-02
   4.8704060e-01   2.4172807e-01
   4.9013479e-01   3.9308657e-01
   4.8892400e-01   5.4971174e-01
   4.7593825e-01   6.7760467e-01
   4.8539017e-01   8.1131372e-01
   4.8846212e-01   9.2524632e-01
   4.8620275e-01   1.0249501e+00
   4.9347452e-01   1.1122623e+00
   4.8443981e-01   1.2057670e+00
   4.8917002e-01   1.2758015e+00
   4.8003493e-01   1.3441623e+00
   4.7844162e-01   1.4099749e+00
   4.8910663e-01   1.4718648e+00
   4.9366139e-01   1.5154666e+00
   4.9010189e-01   1.5616336e+00
   4.8740484e-01   1.5983579e+00
   4.8368731e-01   1.6374837e+00
   4.9375949e-01   1.6654463e+00
   4.7740854e-01   1.7040228e+00
   4.7275104e-01   1.7191916e+00
   4.8238715e-01   1.7494078e+00
   4.8265048e-01   1.7620531e+00
   4.9271950e-01   1.7907783e+00
   4.9017495e-01   1.7988221e+00
   4.7410478e-01   1.8182919e+00
   4.7413732e-01   1.8300017e+00
   4.7432222e-01   1.8350288e+00
   4.7741663e-01   1.8504584e+00
   4.9190746e-01   1.8599347e+00
   4.9107234e-01   1.8698503e+00
   4.7686179e-01   1.8766314e+00
   4.9091409e-01   1.8774510e+00
   4.7921609e-01   1.8827419e+00
   4.9403951e-01   1.8930816e+00
   4.9289638e-01   1.9006211e+00
   4.9313524e-01   1.8986896e+00
   4.7389513e-01   1.9087278e+00
   4.8381305e-01   1.9071697e+00
   4.9402518e-01   1.9041135e+00
   4.9177081e-01   1.9070934e+00
   4.9154607e-01   1.9193889e+00
   4.7605102e-01   1.9120393e+00
   4.7320525e-01   1.9164256e+00
   4.7383580e-01   1.9264385e+00
   4.7480684e-01   1.9196542e+00
   4.9054681e-01   1.9201009e+00
   4.7828202e-01   1.9300250e+00
   4.8520410e-01   1.9188616e+00
   4.7819279e-01   1.9252767e+00
   4.9075740e-01   1.9277169e+00
   4.9321432e-01   1.9332936e+00
   4.9371428e-01   1.9348354e+00
   4.7922764e-01   1.9251064e+00
   4.8063002e-01   1.9281140e+00
   4.7992928e-01   1.9249895e+00
   4.8802777e-01   1.9309915e+00
   4.8443585e-01   1.9372186e+00
  -8.6069557e-01   1.9245664e+00
  -8.4623861e-01   1.9274045e+00
  -8.5048455e-01   1.8478762e+00
  -8.6224632e-01   1.6951081e+00
  -8.5527172e-01   1.4998477e+00
  -8.5092290e-01   1.2740795e+00
  -8.4609656e-01   1.0409406e+00
  -8.5701613e-01   8.1609585e-01
  -8.5391875e-01   5.8304717e-01
  -8.4413919e-01   3.5564009e-01
  -8.5979860e-01   1.4473826e-01
  -8.6393478e-01  -6.6890609e-02
  -8.6657596e-01  -2.5683673e-01
  -8.5864632e-01  -4.2874614e-01
  -8.6562464e-01  -6.0125608e-01
  -8.6106516e-01  -7.4790632e-01
  -8.5083297e-01  -8.8652416e-01
  -8.5008990e-01  -1.0153492e+00
  -8.4949215e-01  -1.1210662e+00
  -8.5013101e-01  -1.2332063e+00
  -8.6043234e-01  -1.3226330e+00
  -8.5711099e-01  -1.3977799e+00
  -8.6650283e-01  -1.4764915e+00
  -8.6163249e-01  -1.5512155e+00
  -8.4576762e-01  -1.6051208e+00
  -8.5601212e-01  -1.6698190e+00
  -8.4460058e-01  -1.7192780e+00
  -8.5339209e-01  -1.7587588e+00
  -8.4540704e-01  -1.8001174e+00
  -8.5070476e-01  -1.8411047e+00
  -8.5024266e-01  -1.8676039e+00
  -8.4806693e-01  -1.8899725e+00
  -8.5194655e-01  -1.9235282e+00
  -8.5057328e-01  -1.9402170e+00
  -8.5539208e-01  -1.9630400e+00
  -8.5186382e-01  -1.9790882e+00
  -8.4975975e-01  -1.9991037e+00
  -8.5335938e-01  -2.0060956e+00
  -8.4608534e-01  -2.0210333e+00
  -8.4701345e-01  -2.0414507e+00
  -8.5504799e-01  -2.0512420e+00
  -8.6158263e-01  -2.0505689e+00
  -8.5765896e-01  -2.0672589e+00
  -8.6732624e-01  -2.0665296e+00
  -8.5110586e-01  -2.0728804e+00
  -8.5134321e-01  -2.0819183e+00
  -8.5028516e-01  -2.0816355e+00
  -8.5436897e-01  -2.0957400e+00
  -8.4525204e-01  -2.1019506e+00
  -8.5910116e-01  -2.0975607e+00
  -8.6365728e-01  -2.1043574e+00
  -8.5280867e-01  -2.0984809e+00
  -8.5214612e-01  -2.1144859e+00
  -8.6752037e-01  -2.1046813e+00
  -8.4621277e-01  -2.1053157e+00
  -8.4892652e-01  -2.1130631e+00
  -8.6061315e-01  -2.1095006e+00
  -8.5920762e-01  -2.1188907e+00
  -8.6386881e-01  -2.1187831e+00
  -8.5236981e-01  -2.1208416e+00
  -8.4538029e-01  -2.1165623e+00
  -8.4553723e-01  -2.1141412e+00
  -8.4878818e-01  -2.1193035e+00
  -8.6227491e-01  -2.1211423e+00
  -8.5934076e-01  -2.1193223e+00
  -8.6040341e-01  -2.1248678e+00
  -8.4532168e-01  -2.1171522e+00
  -8.5053584e-01  -2.1203544e+00
  -8.5315479e-01  -2.1237602e+00
  -6.4220413e-02  -2.1191391e+00
  -6.5741974e-02  -2.1250604e+00
  -7.4027878e-02  -2.0806000e+00
  -7.0970692e-02  -2.0137535e+00
  -6.8275338e-02  -1.9173433e+00
  -6.8740845e-02  -1.8138249e+00
  -7.7234556e-02  -1.7001140e+00
  -8.4502968e-02  -1.5990131e+00
  -7.1205155e-02  -1.4799333e+00
  -8.2548616e-02  -1.3783335e+00
  -8.2230015e-02  -1.2702846e+00
  -8.2035531e-02  -1.1729600e+00
  -7.6060521e-02  -1.0767661e+00
  -7.5754330e-02  -1.0045745e+00
  -7.3383138e-02  -9.2035818e-01
  -7.2658934e-02  -8.4182520e-01
  -7.7819041e-02  -7.7936791e-01
  -6.4427245e-02  -7.2957238e-01
  -8.0414390e-02  -6.6592854e-01
  -7.0227264e-02  -6.2341829e-01
  -8.2290393e-02  -5.7103486e-01
  -6.2398705e-02  -5.2940788e-01
  -7.1571997e-02  -4.9138029e-01
  -6.7842223e-02  -4.6790686e-01
  -8.2774138e-02  -4.3724249e-01
  -6.6779389e-02  -4.1403721e-01
  -8.4852843e-02  -3.9003830e-01
  -7.9512750e-02  -3.6527827e-01
  -6.8105814e-02  -3.4361025e-01
  -7.1735829e-02  -3.3366538e-01
  -8.3277565e-02  -3.1286704e-01
  -8.4081632e-02  -2.9985361e-01
  -7.6280230e-02  -2.8183308e-01
  -8.3250468e-02  -2.7606701e-01
  -7.7320259e-02  -2.6737451e-01
  -8.5949571e-02  -2.5289055e-01
  -7.9411599e-02  -2.4573338e-01
  -8.2865975e-02  -2.4521678e-01
  -7.9208941e-02  -2.3728958e-01
  -6.7056100e-02  -2.3612847e-01
  -6.9377281e-02  -2.2225905e-01
  -6.2842595e-02  -2.1810720e-01
  -7.3800830e-02  -2.1939715e-01
  -7.9739110e-02  -2.1516550e-01
  -8.1263482e-02  -2.1259512e-01
  -8.0518677e-02  -2.1596274e-01
  -7.4931684e-02  -2.1175725e-01
  -8.3271495e-02  -2.1251681e-01
  -6.8816999e-02  -2.0197277e-01
  -8.2304792e-02  -2.0425145e-01
  -8.1105786e-02  -2.0245878e-01
  -7.3251839e-02  -2.0634388e-01
  -6.9742735e-02  -1.9647732e-01
  -8.5654773e-02  -1.9051832e-01
  -8.3402081e-02  -1.9454317e-01
  -7.6759508e-02  -1.9792633e-01
  -7.5218240e-02  -1.9268125e-01
  -8.5326965e-02  -1.9630929e-01
  -7.3438090e-02  -1.9006432e-01
  -7.0618565e-02  -1.9036466e-01
  -7.6829495e-02  -1.9393801e-01
  -8.1883279e-02  -1.8672485e-01
  -6.8454251e-02  -1.9454780e-01
  -7.0577386e-02  -1.9800511e-01
  -6.6807600e-02  -1.9423451e-01
  -7.5655149e-02  -1.8442964e-01
  -8.2791062e-02  -1.9132499e-01
  -8.2763340e-02  -1.9299164e-01
  -6.9243816e-02  -1.9249239e-01
   3.2179490e-01  -1.9596377e-01
   3.2176498e-01  -1.9216261e-01
   3.4022248e-01  -1.5482675e-01
   3.3473607e-01  -1.1321457e-01
   3.2141810e-01  -4.5914887e-02
   3.2742419e-01   2.2624381e-02
   3.3617321e-01   9.3338655e-02
   3.2456108e-01   1.6981832e-01
   3.3396930e-01   2.3791896e-01
   3.2803548e-01   3.1403926e-01
   3.3915006e-01   3.6954310e-01
   3.3743941e-01   4.4589407e-01
   3.4295823e-01   4.9548339e-01
   3.4297384e-01   5.5685448e-01
   3.3047903e-01   6.0476162e-01
   3.3574885e-01   6.5106156e-01
   3.4403143e-01   6.9656738e-01
   3.2529923e-01   7.4475172e-01
   3.3640401e-01   7.7182797e-01
   3.3826597e-01   8.1222787e-01
   3.2934913e-01   8.3064091e-01
   3.3461800e-01   8.6192994e-01
   3.4417013e-01   8.8237536e-01
   3.3769699e-01   9.1510275e-01
   3.3286680e-01   9.2945160e-01
   3.2668486e-01   9.4846385e-01
   3.3106045e-01   9.6498647e-01
   3.3350839e-01   9.7112886e-01
   3.2291437e-01   9.9599850e-01
   3.4281410e-01   1.0005121e+00
   3.4178651e-01   1.0085979e+00
   3.3682518e-01   1.0164974e+00
   3.2784482e-01   1.0323882e+00
   3.4094359e-01   1.0413976e+00
   3.2866483e-01   1.0426368e+00
   3.4153522e-01   1.0426706e+00
   3.2760523e-01   1.0479774e+00
   3.2410945e-01   1.0622644e+00
   3.3239920e-01   1.0607348e+00
   3.3662464e-01   1.0689784e+00
   3.2879188e-01   1.0607664e+00
   3.2921371e-01   1.0689078e+00
   3.2908313e-01   1.0670904e+00
   3.2597979e-01   1.0815706e+00
   3.2425048e-01   1.0724598e+00
   3.4016360e-01   1.0820918e+00
   3.2155311e-01   1.0750560e+00
   3.3678667e-01   1.0795986e+00
   3.3285129e-01   1.0771636e+00
   3.4173058e-01   1.0886305e+00
   3.4111648e-01   1.0807030e+00
   3.3079156e-01   1.0835471e+00
   3.4166433e-01   1.0898694e+00
   3.2982822e-01   1.0810380e+00
   3.3846046e-01   1.0861513e+00
   3.2750900e-01   1.0841619e+00
   3.3039882e-01   1.0857623e+00
   3.2709115e-01   1.0856988e+00
   3.4011255e-01   1.0964919e+00
   3.2208921e-01   1.0859324e+00
   3.2284220e-01   1.0834817e+00
   3.2165687e-01   1.0846104e+00
   3.3423122e-01   1.0838333e+00
   3.2073442e-01   1.0847834e+00
   3.2610973e-01   1.0875709e+00
   3.3313509e-01   1.0939799e+00
   3.3745172e-01   1.0936613e+00
   3.3178562e-01   1.0931211e+00
   3.4054678e-01   1.0975783e+00
  -6.1669748e-01   1.0924378e+00
  -6.1036156e-01   1.0947456e+00
  -6.0719888e-01   1.0356871e+00
  -6.0950123e-01   9.3232822e-01
  -6.2693606e-01   8.0541771e-01
  -6.0832112e-01   6.4781252e-01
  -6.1493455e-01   4.9465951e-01
  -6.2824614e-01   3.3843779e-01
  -6.2200904e-01   1.8678725e-01
  -6.1321827e-01   4.1470264e-02
  -6.1035104e-01  -1.1392308e-01
  -6.1458685e-01  -2.4234380e-01
  -6.1622694e-01  -3.6786596e-01
  -6.2069135e-01  -4.9303844e-01
  -6.2342603e-01  -5.9978063e-01
  -6.2523440e-01  -7.0683877e-01
  -6.1194405e-01  -7.8980274e-01
  -6.1091279e-01  -8.8503348e-01
  -6.1736726e-01  -9.6390607e-01
  -6.1779214e-01  -1.0240151e+00
  -6.1816394e-01  -1.0901133e+00
  -6.0813049e-01  -1.1396275e+00
  -6.1644027e-01  -1.2027559e+00
  -6.2700156e-01  -1.2494648e+00
  -6.2579925e-01  -1.2858898e+00
  -6.1890765e-01  -1.3185493e+00
  -6.2126110e-01  -1.3488582e+00
  -6.2005425e-01  -1.3881942e+00
  -6.2092337e-01  -1.4141546e+00
  -6.2232314e-01  -1.4410944e+00
  -6.1020873e-01  -1.4618888e+00
  -6.1958716e-01  -1.4771748e+00
  -6.1473110e-01  -1.4920388e+00
  -6.1979585e-01  -1.5066077e+00
  -6.1077229e-01  -1.5215187e+00
  -6.2196323e-01  -1.5371455e+00
  -6.1604203e-01  -1.5496481e+00
  -6.1448375e-01  -1.5525617e+00
  -6.0702334e-01  -1.5661946e+00
  -6.1948730e-01  -1.5659025e+00
  -6.1781023e-01  -1.5759671e+00
  -6.1067171e-01  -1.5759924e+00
  -6.1350592e-01  -1.5860413e+00
  -6.1208756e-01  -1.5977023e+00
  -6.3030146e-01  -1.5963739e+00
  -6.2122311e-01  -1.5961630e+00
  -6.1384977e-01  -1.6048146e+00
  -6.1728146e-01  -1.6113273e+00
  -6.1165999e-01  -1.6125274e+00
  -6.2479199e-01  -1.6101098e+00
  -6.1745221e-01  -1.6203096e+00
  -6.2133599e-01  -1.6165346e+00
  -6.1375645e-01  -1.6231967e+00
  -6.2125313e-01  -1.6128386e+00
  -6.1530324e-01  -1.6198247e+00
  -6.1155540e-01  -1.6255874e+00
  -6.0910438e-01  -1.6176815e+00
  -6.2120611e-01  -1.6167891e+00
  -6.2234182e-01  -1.6216085e+00
  -6.2496448e-01  -1.6319331e+00
  -6.2723857e-01  -1.6250008e+00
  -6.0898415e-01  -1.6288990e+00
  -6.0911574e-01  -1.6288820e+00
  -6.1147379e-01  -1.6333122e+00
  -6.1826051e-01  -1.6255416e+00
  -6.2314311e-01  -1.6342335e+00
  -6.1896172e-01  -1.6330748e+00
  -6.1576432e-01  -1.6263032e+00
  -6.1973833e-01  -1.6247772e+00
  -2.1975585e-01  -1.6245008e+00
  -2.2937704e-01  -1.6271999e+00
  -2.1472639e-01  -1.6101312e+00
  -2.1901546e-01  -1.5608691e+00
  -2.1864023e-01  -1.5077701e+00
  -2.0987054e-01  -1.4597967e+00
  -2.1178341e-01  -1.3983795e+00
  -2.0700698e-01  -1.3306318e+00
  -2.2031596e-01  -1.2687151e+00
  -2.1609133e-01  -1.2085632e+00
  -2.2737692e-01  -1.1479890e+00
  -2.2162385e-01  -1.0996235e+00
  -2.2858409e-01  -1.0519345e+00
  -2.2241753e-01  -1.0082649e+00
  -2.0841056e-01  -9.5934202e-01
  -2.1170344e-01  -9.1812193e-01
  -2.2097801e-01  -8.8531720e-01
  -2.0646979e-01  -8.5488312e-01
  -2.1322602e-01  -8.1414990e-01
  -2.2095785e-01  -7.8817685e-01
  -2.1044658e-01  -7.6159993e-01
  -2.1032102e-01  -7.4399923e-01
  -2.0886598e-01  -7.2218246e-01
  -2.2249067e-01  -6.9951326e-01
  -2.1813373e-01  -6.9620049e-01
  -2.0640955e-01  -6.6855087e-01
  -2.1295090e-01  -6.5875845e-01
  -2.2351766e-01  -6.4475104e-01
  -2.2653018e-01  -6.3531966e-01
  -2.2340730e-01  -6.3183359e-01
  -2.1839626e-01  -6.2636458e-01
  -2.2280120e-01  -6.1134661e-01
  -2.1112860e-01  -6.1454809e-01
  -2.1928827e-01  -5.9664599e-01
  -2.2940957e-01  -5.9332065e-01
  -2.1088879e-01  -5.8756572e-01
  -2.2168793e-01  -5.8301427e-01
  -2.1164490e-01  -5.8749132e-01
  -2.1557474e-01  -5.7941772e-01
  -2.2437747e-01  -5.7973577e-01
  -2.2193317e-01  -5.7353169e-01
  -2.0869200e-01  -5.7276383e-01
  -2.0795293e-01  -5.6742208e-01
  -2.1557847e-01  -5.6234858e-01
  -2.1239221e-01  -5.7066180e-01
  -2.1879824e-01  -5.6586020e-01
  -2.3036783e-01  -5.6311721e-01
  -2.2372708e-01  -5.5587906e-01
  -2.2195529e-01  -5.6044460e-01
  -2.1184354e-01  -5.5518791e-01
  -2.1198519e-01  -5.6020217e-01
  -2.2736968e-01  -5.5605475e-01
  -2.0985949e-01  -5.5505542e-01
  -2.1295712e-01  -5.6209750e-01
  -2.1351998e-01  -5.6318445e-01
  -2.1732674e-01  -5.5125329e-01
  -2.0972338e-01  -5.5114055e-01
  -2.2761727e-01  -5.5981185e-01
  -2.1348676e-01  -5.5861113e-01
  -2.2078473e-01  -5.6012998e-01
  -2.1228688e-01  -5.6034199e-01
  -2.0986354e-01  -5.5621921e-01
  -2.1819617e-01  -5.4946450e-01
  -2.2955358e-01  -5.5277605e-01
  -2.1985289e-01  -5.5968392e-01
  -2.2807333e-01  -5.5279632e-01
  -2.2868448e-01  -5.4754685e-01
  -2.1871986e-01  -5.5270248e-01
  -2.2435523e-01  -5.5127927e-01
   8.5451241e-01  -5.5119448e-01
   8.4538790e-01  -5.5186443e-01
   8.4189314e-01  -4.0395276e-01
   8.4913544e-01  -1.5871325e-01
   8.5826736e-01   1.5312742e-01
   8.5230433e-01   5.0590154e-01
   8.5925056e-01   8.7309901e-01
   8.5814919e-01   1.2516142e+00
   8.6012729e-01   1.6337951e+00
   8.5515970e-01   2.0010009e+00
   8.5659955e-01   2.3369901e+00
   8.5578870e-01   2.6745612e+00
   8.4535802e-01   2.9817216e+00
   8.4713166e-01   3.2637690e+00
   8.6080562e-01   3.5273725e+00
   8.6058565e-01   3.7694593e+00
   8.4026609e-01   3.9980629e+00
   8.4139616e-01   4.1930134e+00
   8.4402216e-01   4.3884214e+00
   8.3897069e-01   4.5579235e+00
   8.4982122e-01   4.7060229e+00
   8.5204009e-01   4.8414673e+00
   8.4618853e-01   4.9662899e+00
   8.5293496e-01   5.0778055e+00
   8.4006656e-01   5.1716443e+00
   8.3890408e-01   5.2632493e+00
   8.5586820e-01   5.3377766e+00
   8.6012827e-01   5.4135091e+00
   8.3997144e-01   5.4735611e+00
   8.4931607e-01   5.5370910e+00
   8.5067266e-01   5.5827930e+00
   8.4095921e-01   5.6386931e+00
   8.5504579e-01   5.6683378e+00
   8.4319945e-01   5.7111082e+00
   8.4699421e-01   5.7413791e+00
   8.6011664e-01   5.7669219e+00
   8.5165222e-01   5.8051228e+00
   8.4980343e-01   5.8218269e+00
   8.5518355e-01   5.8367726e+00
   8.4164344e-01   5.8558433e+00
   8.4664768e-01   5.8800757e+00
   8.4229850e-01   5.8953946e+00
   8.5882903e-01   5.9060373e+00
   8.4041683e-01   5.9167053e+00
   8.4807139e-01   5.9201355e+00
   8.6030102e-01   5.9329776e+00
   8.5768746e-01   5.9386914e+00
   8.4733492e-01   5.9510719e+00
   8.4130237e-01   5.9558469e+00
   8.4808914e-01   5.9698227e+00
   8.4261831e-01   5.9648077e+00
   8.4444052e-01   5.9692195e+00
   8.5402252e-01   5.9756833e+00
   8.5259166e-01   5.9771052e+00
   8.5418633e-01   5.9901602e+00
   8.4680364e-01   5.9893986e+00
   8.3882143e-01   5.9946925e+00
   8.5144189e-01   5.9905021e+00
   8.4566726e-01   5.9977633e+00
   8.5053227e-01   5.9992131e+00
   8.4162116e-01   5.9983065e+00
   8.5725193e-01   5.9923623e+00
   8.4731542e-01   5.9932924e+00
   8.4901001e-01   6.0040890e+00
   8.5871675e-01   5.9968384e+00
   8.4288119e-01   5.9970240e+00
   8.5688513e-01   5.9989382e+00
   8.4355119e-01   6.0101008e+00
   8.5993278e-01   6.0034054e+00
   2.9344170e-03   5.9987655e+00
   1.9840662e-02   6.0118037e+00
   2.4188462e-02   5.8714892e+00
   1.5366203e-03   5.6441121e+00
   4.5780856e-04   5.3645646e+00
   1.8974281e-02   5.0505311e+00
   1.7636371e-02   4.7093843e+00
   1.1533194e-02   4.3558552e+00
   2.2684044e-02   4.0196656e+00
   1.7901682e-02   3.6872278e+00
   1.3022442e-02   3.3664885e+00
   2.5040721e-03   3.0671574e+00
   2.4188596e-03   2.7931370e+00
   9.8112373e-03   2.5348184e+00
   1.0758333e-02   2.2837492e+00
   6.6637072e-03   2.0599358e+00
   1.0935608e-02   1.8650691e+00
   3.6881261e-03   1.6822536e+00
   1.5200845e-03   1.5150974e+00
   1.1753305e-02   1.3515738e+00
   1.2533805e-03   1.2220402e+00
   3.8942706e-03   1.0962834e+00
   1.1651817e-02   9.7868428e-01
   1.1524890e-02   8.7831643e-01
   1.5500537e-02   7.8965882e-01
   2.2382428e-02   7.1642355e-01
   1.9316071e-02   6.4084716e-01
   1.2338740e-02   5.7674057e-01
   4.8846982e-03   5.1179870e-01
   2.1496844e-02   4.6108366e-01
   1.1559891e-02   4.1454277e-01
   1.5283038e-03   3.7791280e-01
   2.1153282e-02   3.3496712e-01
   2.1208447e-02   2.9877712e-01
   1.6677444e-02   2.6799789e-01
   1.7524332e-02   2.4834029e-01
   1.9706501e-02   2.1792341e-01
   5.7952298e-03   2.0630875e-01
   2.3340808e-02   1.8945971e-01
   4.4988107e-03   1.6327851e-01
   2.8568928e-03   1.5713361e-01
   1.9454435e-02   1.4028224e-01
   1.2287078e-02   1.2902817e-01
   1.6254438e-02   1.1411939e-01
   1.8294427e-02   1.1120289e-01
   1.9941653e-02   9.7312875e-02
   1.0214934e-02   9.3427988e-02
   5.6493547e-03   8.6824025e-02
   1.0311421e-02   8.3679491e-02
   8.1121337e-03   7.0521037e-02
   1.9394119e-02   6.3180265e-02
   1.6538089e-03   6.3411631e-02
   4.2601207e-03   6.4799688e-02
   9.5786485e-03   5.1727325e-02
   6.7179331e-03   5.6181061e-02
   1.7098011e-02   5.4815971e-02
   1.6868777e-02   4.9286348e-02
   1.0269234e-02   4.8940487e-02
   1.4305665e-02   4.4804989e-02
   2.3311047e-02   4.4150530e-02
   2.1581331e-03   3.9058678e-02
   2.1663869e-02   4.1203592e-02
   9.5050394e-03   3.5671252e-02
   5.9369527e-03   4.5413018e-02
   2.0713852e-02   3.5525607e-02
   1.5641411e-02   4.0869992e-02
   7.0277229e-03   3.5452531e-02
   1.3075452e-02   3.9019743e-02
   2.3543367e-02   4.0740633e-02
  -9.8902249e-01   3.9501839e-02
  -9.9246880e-01   4.0041818e-02
  -9.9520205e-01  -1.2953377e-02
  -9.8881452e-01  -1.0308250e-01
  -9.7649910e-01  -2.0975023e-01
  -9.7601930e-01  -3.2816855e-01
  -9.8007748e-01  -4.4760348e-01
  -9.8866286e-01  -5.7909052e-01
  -9.7641794e-01  -7.1234534e-01
  -9.8047914e-01  -8.4123274e-01
  -9.7735755e-01  -9.5715826e-01
  -9.8784099e-01  -1.0730140e+00
  -9.9264500e-01  -1.1670675e+00
  -9.8071082e-01  -1.2766740e+00
  -9.8732650e-01  -1.3676190e+00
  -9.9294357e-01  -1.4494745e+00
  -9.8329507e-01  -1.5212473e+00
  -9.7868885e-01  -1.5926612e+00
  -9.8328036e-01  -1.6536131e+00
  -9.7794097e-01  -1.7130256e+00
  -9.8811896e-01  -1.7592845e+00
  -9.9181329e-01  -1.8032839e+00
  -9.8589728e-01  -1.8538913e+00
  -9.7922113e-01  -1.8887524e+00
  -9.8522675e-01  -1.9204433e+00
  -9.8489598e-01  -1.9472974e+00
  -9.8039210e-01  -1.9881465e+00
  -9.7479148e-01  -2.0117776e+00
  -9.9508322e-01  -2.0250001e+00
  -9.8701161e-01  -2.0417320e+00
  -9.8913560e-01  -2.0627484e+00
  -9.8923541e-01  -2.0815325e+00
  -9.9505263e-01  -2.0919814e+00
  -9.8261238e-01  -2.1136916e+00
  -9.7940229e-01  -2.1188654e+00
  -9.8828725e-01  -2.1329493e+00
  -9.8865443e-01  -2.1356946e+00
  -9.9680973e-01  -2.1465395e+00
  -9.9309884e-01  -2.1461032e+00
  -9.9383752e-01  -2.1593912e+00
  -9.8797892e-01  -2.1660213e+00
  -9.8449018e-01  -2.1756386e+00
  -9.7374519e-01  -2.1787909e+00
  -9.8412844e-01  -2.1735539e+00
  -9.7481371e-01  -2.1878010e+00
  -9.9526345e-01  -2.1851409e+00
  -9.8276763e-01  -2.1889866e+00
  -9.8448537e-01  -2.1921046e+00
  -9.7775055e-01  -2.1952757e+00
  -9.8793499e-01  -2.1983084e+00
  -9.8516340e-01  -2.1973945e+00
  -9.8335992e-01  -2.1973930e+00
  -9.7736450e-01  -2.2002681e+00
  -9.7734708e-01  -2.1923009e+00
  -9.9079472e-01  -2.2029169e+00
  -9.9681241e-01  -2.1985607e+00
  -9.7519390e-01  -2.1997821e+00
  -9.9601299e-01  -2.1997352e+00
  -9.9498237e-01  -2.1980170e+00
  -9.8790938e-01  -2.2089478e+00
  -9.8559091e-01  -2.2003351e+00
  -9.9212251e-01  -2.2059470e+00
  -9.8035774e-01  -2.2054847e+00
  -9.9222316e-01  -2.2097337e+00
  -9.9651708e-01  -2.2093891e+00
  -9.9483292e-01  -2.2112181e+00
  -9.8979619e-01  -2.2033877e+00
  -9.7806106e-01  -2.2106669e+00
  -9.9236466e-01  -2.2142264e+00
  -8.4261878e-02  -2.2100914e+00
  -1.0073116e-01  -2.2094202e+00
  -9.2222251e-02  -2.1593090e+00
  -9.5842116e-02  -2.0867585e+00
  -9.8143575e-02  -2.0015281e+00
  -9.2227220e-02  -1.8832342e+00
  -8.9406885e-02  -1.7738471e+00
  -8.2301954e-02  -1.6604652e+00
  -7.9129539e-02  -1.5487379e+00
  -8.8158439e-02  -1.4452601e+00
  -1.0078903e-01  -1.3295967e+00
  -9.0236072e-02  -1.2365340e+00
  -9.3651303e-02  -1.1395999e+00
  -8.3566146e-02  -1.0523799e+00
  -8.6886067e-02  -9.7496145e-01
  -8.4162986e-02  -9.0485626e-01
  -7.9532994e-02  -8.3709812e-01
  -9.7502478e-02  -7.7623706e-01
  -8.3736506e-02  -7.2338455e-01
  -7.7381587e-02  -6.6882211e-01
  -9.8751960e-02  -6.2606755e-01
  -9.5497072e-02  -5.7819050e-01
  -8.5442566e-02  -5.4666032e-01
  -9.5584949e-02  -5.1210147e-01
  -8.5411995e-02  -4.8381482e-01
  -8.5028778e-02  -4.4560023e-01
  -8.0146314e-02  -4.2999918e-01
  -8.2593456e-02  -4.1238517e-01
  -9.8030370e-02  -3.8768351e-01
  -8.1875825e-02  -3.6988461e-01
  -9.1281054e-02  -3.4811893e-01
  -7.9648035e-02  -3.4120748e-01
  -8.8999042e-02  -3.2237191e-01
  -9.8308231e-02  -3.2041034e-01
  -8.2249606e-02  -3.0574616e-01
  -9.0867259e-02  -2.9529632e-01
  -9.0945456e-02  -2.8719327e-01
  -9.0838093e-02  -2.8236485e-01
  -8.9959733e-02  -2.7536614e-01
  -9.7096440e-02  -2.6776243e-01
  -1.0057278e-01  -2.7260596e-01
  -9.8807024e-02  -2.5878444e-01
  -8.8366231e-02  -2.6009800e-01
  -8.0844728e-02  -2.5587579e-01
  -8.9447418e-02  -2.4493232e-01
  -8.5464470e-02  -2.4733437e-01
  -8.3474561e-02  -2.5192146e-01
  -9.6518737e-02  -2.4997122e-01
  -1.0040901e-01  -2.4297639e-01
  -8.9305541e-02  -2.3985155e-01
  -9.0296441e-02  -2.4293881e-01
  -9.6935240e-02  -2.3368749e-01
  -8.6983280e-02  -2.3548389e-01
  -9.8650310e-02  -2.3329154e-01
  -9.6118888e-02  -2.2952169e-01
  -9.3202935e-02  -2.2886570e-01
  -9.9237527e-02  -2.3417601e-01
  -8.7593660e-02  -2.2708047e-01
  -8.7131460e-02  -2.2801404e-01
  -9.8014301e-02  -2.2519633e-01
  -9.5197280e-02  -2.2442002e-01
  -8.6783937e-02  -2.2925056e-01
  -9.8617481e-02  -2.2604504e-01
  -8.8246873e-02  -2.2797230e-01
  -8.7272802e-02  -2.2766613e-01
  -8.9239376e-02  -2.2356006e-01
  -9.7411237e-02  -2.2282046e-01
  -8.8058054e-02  -2.3401315e-01
  -8.8843264e-02  -2.3098695e-01
   3.0294151e-01  -2.2900866e-01
   3.1389973e-01  -2.2349799e-01
   3.0600690e-01  -2.0397208e-01
   3.2248213e-01  -1.4876236e-01
   3.2224157e-01  -9.4874290e-02
   3.0265923e-01  -3.6444254e-02
   3.2053509e-01   3.3774804e-02
   3.1130789e-01   1.0963657e-01
   3.1031829e-01   1.7759925e-01
   3.1990608e-01   2.5017761e-01
   3.2218788e-01   3.1670630e-01
   3.1017355e-01   3.6959702e-01
   3.2098403e-01   4.3960887e-01
   3.1700201e-01   4.8229132e-01
   3.1151273e-01   5.3199805e-01
   3.1613341e-01   5.8641614e-01
   3.1693150e-01   6.1787465e-01
   3.0672072e-01   6.5992368e-01
   3.0327709e-01   7.0097816e-01
   3.1385969e-01   7.2859120e-01
   3.0164955e-01   7.4958868e-01
   3.2157000e-01   7.8433195e-01
   3.1180569e-01   8.0350984e-01
   3.0876515e-01   8.3104242e-01
   3.1009928e-01   8.4046951e-01
   3.1533315e-01   8.6256102e-01
   3.2234974e-01   8.7558938e-01
   3.0500310e-01   8.9294904e-01
   3.2171771e-01   9.0343427e-01
   3.1748279e-01   9.0534739e-01
   3.0349121e-01   9.2431486e-01
   3.0044580e-01   9.3583629e-01
   3.1475403e-01   9.3658366e-01
   3.1729590e-01   9.4507472e-01
   3.2072123e-01   9.5688214e-01
   3.2194858e-01   9.5560910e-01
   2.9916389e-01   9.5830948e-01
   3.1370289e-01   9.6121632e-01
   3.0758785e-01   9.6881771e-01
   3.0903978e-01   9.7516529e-01
   3.1540619e-01   9.6896330e-01
   3.2166237e-01   9.7909465e-01
   3.2201164e-01   9.7454804e-01
   3.0266619e-01   9.8892582e-01
   3.1599088e-01   9.8444203e-01
   3.1513043e-01   9.8557309e-01
   3.1775222e-01   9.8543728e-01
   3.0921508e-01   9.9067740e-01
   3.1287409e-01   9.8953729e-01
   3.1783042e-01   9.9759406e-01
   3.1035739e-01   9.9448545e-01
   3.0571116e-01   9.9369577e-01
   3.0813933e-01   9.9225190e-01
   3.1397839e-01   9.9957037e-01
   3.0634311e-01   9.8937083e-01
   3.0896724e-01   9.9568577e-01
   3.0082171e-01   9.9830826e-01
   3.0890620e-01   9.9342216e-01
   3.2005006e-01   1.0038038e+00
   3.1382858e-01   9.9458893e-01
   3.0660697e-01   9.9328934e-01
   3.1738733e-01   9.9933497e-01
   3.2148047e-01   1.0044281e+00
   3.0658269e-01   9.9862717e-01
   3.0146841e-01   9.9464905e-01
   3.1196763e-01   1.0043252e+00
   3.1882775e-01   9.9860782e-01
   3.1155531e-01   9.9656341e-01
   3.1107375e-01   1.0006707e+00
  -7.1206256e-01   9.9435762e-01
  -7.0946526e-01   1.0029733e+00
  -7.2070797e-01   9.3529003e-01
  -7.2475859e-01   8.2755158e-01
  -7.1538605e-01   6.9521433e-01
  -7.1606177e-01   5.4064016e-01
  -7.2085482e-01   3.7931900e-01
  -7.2429288e-01   2.0481712e-01
  -7.1232783e-01   4.2410134e-02
  -7.1448212e-01  -1.0955881e-01
  -7.1599417e-01  -2.6827494e-01
  -7.0511615e-01  -4.1666683e-01
  -7.2787153e-01  -5.5082579e-01
  -7.2251501e-01  -6.7491214e-01
  -7.2194792e-01  -7.8930474e-01
  -7.2531405e-01  -8.8639285e-01
  -7.0674676e-01  -9.9075746e-01
  -7.1372242e-01  -1.0747336e+00
  -7.2521187e-01  -1.1577150e+00
  -7.1685054e-01  -1.2376608e+00
  -7.1983354e-01  -1.2947361e+00
  -7.1225589e-01  -1.3649093e+00
  -7.1834469e-01  -1.4116432e+00
  -7.0656001e-01  -1.4650488e+00
  -7.0671943e-01  -1.4983392e+00
  -7.2256321e-01  -1.5421555e+00
  -7.0859003e-01  -1.5771583e+00
  -7.1617728e-01  -1.6139354e+00
  -7.0670228e-01  -1.6387180e+00
  -7.0771240e-01  -1.6588699e+00
  -7.1022738e-01  -1.6801560e+00
  -7.2502760e-01  -1.7073622e+00
  -7.0590719e-01  -1.7205099e+00
  -7.1838469e-01  -1.7467285e+00
  -7.0453973e-01  -1.7580408e+00
  -7.1070272e-01  -1.7733968e+00
  -7.2708486e-01  -1.7747509e+00
  -7.1317459e-01  -1.7827372e+00
  -7.0801344e-01  -1.7989510e+00
  -7.1366305e-01  -1.8108430e+00
  -7.2048808e-01  -1.8064869e+00
  -7.2617352e-01  -1.8144472e+00
  -7.0941256e-01  -1.8305179e+00
  -7.0741891e-01  -1.8330107e+00
  -7.1986580e-01  -1.8344673e+00
  -7.2039345e-01  -1.8432043e+00
  -7.0569150e-01  -1.8348125e+00
  -7.2681558e-01  -1.8394169e+00
  -7.2250164e-01  -1.8513705e+00
  -7.1896145e-01  -1.8538678e+00
  -7.0902934e-01  -1.8454796e+00
  -7.0682398e-01  -1.8512457e+00
  -7.1278565e-01  -1.8503150e+00
  -7.1124385e-01  -1.8554135e+00
  -7.1705085e-01  -1.8603250e+00
  -7.2666876e-01  -1.8640544e+00
  -7.2381389e-01  -1.8610654e+00
  -7.1807214e-01  -1.8560975e+00
  -7.1649518e-01  -1.8595160e+00
  -7.0791663e-01  -1.8600841e+00
  -7.2067942e-01  -1.8714518e+00
  -7.2759704e-01  -1.8586836e+00
  -7.2611676e-01  -1.8621663e+00
  -7.0890823e-01  -1.8619335e+00
  -7.2504268e-01  -1.8639518e+00
  -7.2205400e-01  -1.8710829e+00
  -7.1786609e-01  -1.8743064e+00
  -7.2586062e-01  -1.8683001e+00
  -7.2644993e-01  -1.8698074e+00
   3.6610135e-01  -1.8742959e+00
   3.6618159e-01  -1.8697514e+00
   3.5891030e-01  -1.7989154e+00
   3.6007609e-01  -1.6806243e+00
   3.5944180e-01  -1.5377777e+00
   3.6083079e-01  -1.3690160e+00
   3.7161910e-01  -1.1898855e+00
   3.6887169e-01  -1.0148017e+00
   3.7052285e-01  -8.3352706e-01
   3.6579616e-01  -6.6195151e-01
   3.6000512e-01  -5.0844350e-01
   3.6149634e-01  -3.4362296e-01
   3.6422781e-01  -1.9951265e-01
   3.5458009e-01  -6.6737928e-02
   3.6882882e-01   6.0682129e-02
   3.5536761e-01   1.6628724e-01
   3.7161521e-01   2.7876052e-01
   3.6591373e-01   3.6660942e-01
   3.6369683e-01   4.5411708e-01
   3.6354784e-01   5.3306672e-01
   3.6242467e-01   6.1184863e-01
   3.7024285e-01   6.7922241e-01
   3.6282618e-01   7.2735118e-01
   3.5514330e-01   7.8101967e-01
   3.6756062e-01   8.2789461e-01
   3.6990021e-01   8.7214877e-01
   3.6629878e-01   9.1680553e-01
   3.6494209e-01   9.5154459e-01
   3.6591906e-01   9.7334857e-01
   3.6424430e-01   9.9605144e-01
   3.6180114e-01   1.0300381e+00
   3.6880538e-01   1.0452815e+00
   3.5095258e-01   1.0660468e+00
   3.5545545e-01   1.0881791e+00
   3.6949345e-01   1.1018401e+00
   3.5316690e-01   1.1076512e+00
   3.6041401e-01   1.1214326e+00
   3.5181731e-01   1.1319949e+00
   3.6982064e-01   1.1539782e+00
   3.6615191e-01   1.1600184e+00
   3.6102611e-01   1.1649749e+00
   3.5207711e-01   1.1704726e+00
   3.6760735e-01   1.1808794e+00
   3.6177680e-01   1.1810218e+00
   3.6889124e-01   1.1934803e+00
   3.6699611e-01   1.1930992e+00
   3.6090103e-01   1.2004622e+00
   3.6492325e-01   1.1940812e+00
   3.6567829e-01   1.1995418e+00
   3.6047288e-01   1.2027734e+00
   3.5183995e-01   1.2030669e+00
   3.6696924e-01   1.2119833e+00
   3.5060535e-01   1.2100570e+00
   3.6282425e-01   1.2087680e+00
   3.5607212e-01   1.2108085e+00
   3.5232247e-01   1.2165396e+00
   3.6727909e-01   1.2099107e+00
   3.6717139e-01   1.2239506e+00
   3.6837522e-01   1.2130105e+00
   3.6698277e-01   1.2213927e+00
   3.6212271e-01   1.2199548e+00
   3.4917982e-01   1.2205161e+00
   3.5205954e-01   1.2172109e+00
   3.6112129e-01   1.2225692e+00
   3.5588311e-01   1.2280333e+00
   3.6827005e-01   1.2157844e+00
   3.7201589e-01   1.2278588e+00
   3.6537236e-01   1.2265630e+00
   3.7077153e-01   1.2235444e+00
  -3.8307071e-04   1.2248276e+00
   6.2371110e-03   1.2176534e+00
   7.1329008e-03   1.2025877e+00
  -1.1740711e-02   1.1482206e+00
   4.3263832e-03   1.0947130e+00
  -1.3702759e-02   1.0243375e+00
  -1.3409432e-02   9.5870736e-01
   7.4660435e-03   8.7971754e-01
  -1.4329489e-02   8.0810170e-01
   2.8317390e-03   7.4097286e-01
   2.4991939e-03   6.7965025e-01
   3.3883961e-03   6.1719860e-01
  -1.1258126e-03   5.5766630e-01
  -1.3063743e-02   5.0699525e-01
   5.4038725e-03   4.6323511e-01
  -7.5887134e-03   4.1707153e-01
   4.3768726e-03   3.6832559e-01
  -5.9433188e-03   3.2663917e-01
  -1.2892344e-02   2.9060703e-01
   6.2797983e-05   2.6254686e-01
  -3.0774504e-04   2.4022546e-01
  -4.6076596e-03   2.0842690e-01
   7.1259408e-03   1.8268866e-01
  -1.3385105e-02   1.6565525e-01
  -6.0480956e-03   1.5164487e-01
  -6.9060027e-03   1.2845234e-01
  -8.8479774e-03   1.1020402e-01
  -6.3934018e-03   9.9287214e-02
  -9.4978031e-05   8.7701417e-02
   4.2965674e-03   7.6611864e-02
  -7.3824770e-03   6.6797355e-02
  -2.1979388e-03   6.4671476e-02
   7.3292795e-03   5.7989872e-02
   3.1095197e-03   5.2504759e-02
  -7.6064183e-03   3.7411284e-02
   2.8038686e-03   3.5263490e-02
  -6.0450468e-03   3.6792544e-02
  -1.1432814e-02   1.9081140e-02
  -2.3564277e-03   2.3022725e-02
   2.7485918e-04   1.3724986e-02
  -9.2256446e-03   1.4534643e-02
   7.3903367e-03   7.3146762e-03
  -1.1427586e-02   6.2992628e-03
  -1.0320665e-02   7.5641147e-03
  -1.4844702e-03   9.3742875e-03
   8.1237189e-03   9.5611258e-04
  -5.4616511e-03  -3.8123067e-03
  -6.2488929e-03   3.2575975e-03
  -6.0720937e-03  -6.2356286e-05
   5.4670645e-03   4.5721174e-03
   6.2219428e-03  -2.4122545e-04
   5.5025212e-03  -7.4085850e-03
  -5.3621952e-05  -6.1032326e-03
   7.2939603e-03  -1.0141438e-03
   2.6424577e-03  -5.7422491e-03
  -4.6606891e-03  -4.9886032e-03
  -7.0683597e-03  -1.3767014e-04
  -9.3782129e-03  -1.3076273e-02
  -1.2820893e-02  -1.3482548e-02
  -1.3511821e-02  -1.3682480e-03
  -9.8838348e-03  -2.5571738e-03
  -1.1793941e-02  -2.9399363e-03
   4.2482254e-04  -7.2501547e-03
  -1.5452907e-02  -1.6363970e-03
  -4.0363027e-03  -8.6751308e-03
   6.9246502e-03  -1.3481984e-02
  -3.5290694e-03  -1.4666689e-02
  -9.0612234e-03  -1.0281643e-02
  -1.4279695e-02  -1.3010584e-02
   9.8330516e-01  -6.8178062e-03
   9.6852179e-01  -2.9287565e-03
   9.7133024e-01   1.8235224e-01
   9.8808635e-01   4.9937066e-01
   9.7297867e-01   9.1257726e-01
   9.7303336e-01   1.3625882e+00
   9.7830134e-01   1.8462117e+00
   9.7748258e-01   2.3437215e+00
   9.8821634e-01   2.8354244e+00
   9.6908716e-01   3.3054956e+00
   9.7567528e-01   3.7497314e+00
   9.8296136e-01   4.1895283e+00
   9.8335077e-01   4.5822928e+00
   9.8730293e-01   4.9567150e+00
   9.7408933e-01   5.3038188e+00
   9.8142431e-01   5.6189751e+00
   9.7208017e-01   5.9091104e+00
   9.6489579e-01   6.1750795e+00
   9.6799276e-01   6.4149101e+00
   9.8763407e-01   6.6214808e+00
   9.8634576e-01   6.8185315e+00
   9.8816126e-01   6.9974521e+00
   9.8488757e-01   7.1624974e+00
   9.8213482e-01   7.3020535e+00
   9.6901400e-01   7.4283803e+00
   9.8743681e-01   7.5533621e+00
   9.7422658e-01   7.6497193e+00
   9.8551560e-01   7.7445332e+00
   9.8151085e-01   7.8273624e+00
   9.7532182e-01   7.9111482e+00
   9.8603743e-01   7.9707202e+00
   9.7406767e-01   8.0309132e+00
   9.8387598e-01   8.0898195e+00
   9.8655756e-01   8.1302740e+00
   9.8454513e-01   8.1812709e+00
   9.7316478e-01   8.2093126e+00
   9.6805783e-01   8.2470624e+00
   9.6746452e-01   8.2840781e+00
   9.7176276e-01   8.3022534e+00
   9.7663031e-01   8.3346793e+00
   9.7572025e-01   8.3444253e+00
   9.7977058e-01   8.3663759e+00
   9.8115752e-01   8.3797121e+00
   9.8433941e-01   8.4049639e+00
   9.6499774e-01   8.4155619e+00
   9.8427831e-01   8.4288184e+00
   9.7554987e-01   8.4407602e+00
   9.8739131e-01   8.4486602e+00
   9.7978966e-01   8.4597714e+00
   9.7759983e-01   8.4667141e+00
   9.8003855e-01   8.4662425e+00
   9.6980583e-01   8.4737500e+00
   9.6504685e-01   8.4783913e+00
   9.7110405e-01   8.4880925e+00
   9.7816896e-01   8.4888844e+00
   9.7962910e-01   8.4895743e+00
   9.8031786e-01   8.4891275e+00
   9.7179547e-01   8.5030709e+00
   9.8169622e-01   8.4957620e+00
   9.7943800e-01   8.4998680e+00
   9.7371925e-01   8.5004129e+00
   9.6892025e-01   8.5043958e+00
   9.8671640e-01   8.5109255e+00
   9.8371994e-01   8.5156308e+00
   9.7878143e-01   8.5110991e+00
   9.8333030e-01   8.5132757e+00
   9.8264338e-01   8.5200777e+00
   9.8689609e-01   8.5119707e+00
   9.8464003e-01   8.5175993e+00
   7.0615069e-01   8.5144262e+00
   7.0846888e-01   8.5127505e+00
   6.9607138e-01   8.4145699e+00
   7.0287183e-01   8.2357799e+00
   7.1003348e-01   8.0148680e+00
   7.1089290e-01   7.7746687e+00
   7.0211518e-01   7.5123518e+00
   7.0674358e-01   7.2515583e+00
   7.0984846e-01   6.9785557e+00
   6.9879880e-01   6.7280888e+00
   6.9517289e-01   6.4747245e+00
   6.9273000e-01   6.2516405e+00
   6.9195986e-01   6.0299554e+00
   7.0225190e-01   5.8344788e+00
   6.9487873e-01   5.6468204e+00
   7.1274589e-01   5.4703452e+00
   6.9038637e-01   5.3078996e+00
   6.9660052e-01   5.1681520e+00
   7.0815760e-01   5.0372645e+00
   7.1324336e-01   4.9294794e+00
   6.9975037e-01   4.8110730e+00
   7.1148810e-01   4.7242445e+00
   6.9656043e-01   4.6341035e+00
   6.9839988e-01   4.5606006e+00
   6.9471545e-01   4.4814977e+00
   7.0941340e-01   4.4212826e+00
   7.0264245e-01   4.3654023e+00
   7.0897573e-01   4.3164164e+00
   7.1132803e-01   4.2756841e+00
   6.9747874e-01   4.2295157e+00
   7.0796558e-01   4.1936184e+00
   6.9426104e-01   4.1682781e+00
   7.1041157e-01   4.1379104e+00
   7.1028207e-01   4.1128849e+00
   7.0774406e-01   4.0805184e+00
   6.9008991e-01   4.0650504e+00
   6.9208852e-01   4.0449179e+00
   7.1322107e-01   4.0302862e+00
   7.0145662e-01   4.0116654e+00
   7.1221175e-01   4.0072447e+00
   7.0344973e-01   3.9906542e+00
   7.0045708e-01   3.9818804e+00
   6.9582620e-01   3.9735023e+00
   6.9300225e-01   3.9677253e+00
   6.9458760e-01   3.9512083e+00
   6.8996792e-01   3.9437684e+00
   6.9577342e-01   3.9377246e+00
   7.0249573e-01   3.9410155e+00
   6.9326671e-01   3.9290637e+00
   7.0039616e-01   3.9245312e+00
   6.9654477e-01   3.9222378e+00
   7.1008116e-01   3.9185278e+00
   6.9356919e-01   3.9263408e+00
   7.0055583e-01   3.9229770e+00
   6.9464315e-01   3.9101384e+00
   7.1033346e-01   3.9183267e+00
   7.0392088e-01   3.9117971e+00
   7.1005917e-01   3.9058824e+00
   6.9737065e-01   3.9050108e+00
   7.1238515e-01   3.9021612e+00
   7.0745715e-01   3.9088720e+00
   6.9619303e-01   3.9090469e+00
   7.0106054e-01   3.9015267e+00
   7.0895323e-01   3.9066838e+00
   7.0818241e-01   3.9061477e+00
   7.0680167e-01   3.9020718e+00
   6.9759643e-01   3.9077226e+00
   7.0113403e-01   3.9040651e+00
   6.9165172e-01   3.9084107e+00
   6.6558295e-01   3.8970328e+00
   6.6827257e-01   3.9027488e+00
   6.6526925e-01   3.8915760e+00
   6.5915273e-01   3.8697557e+00
   6.5563279e-01   3.8505078e+00
   6.5261175e-01   3.8260124e+00
   6.7499006e-01   3.8001763e+00
   6.6936946e-01   3.7766922e+00
   6.6739331e-01   3.7641000e+00
   6.7351812e-01   3.7277832e+00
   6.6916961e-01   3.7140854e+00
   6.7456021e-01   3.6907059e+00
   6.5406852e-01   3.6757766e+00
   6.7034549e-01   3.6489105e+00
   6.6166106e-01   3.6292541e+00
   6.7430075e-01   3.6237250e+00
   6.5640160e-01   3.6083125e+00
   6.6202965e-01   3.5923312e+00
   6.6695229e-01   3.5788790e+00
   6.6473767e-01   3.5701401e+00
   6.5924337e-01   3.5521762e+00
   6.7439360e-01   3.5430682e+00
   6.6990313e-01   3.5479250e+00
   6.6844123e-01   3.5330666e+00
   6.6371212e-01   3.5234534e+00
   6.5358052e-01   3.5192409e+00
   6.6677031e-01   3.5135438e+00
   6.6985393e-01   3.5162680e+00
   6.5931781e-01   3.5120081e+00
   6.6042813e-01   3.5090175e+00
   6.6021472e-01   3.4986904e+00
   6.6288638e-01   3.5039657e+00
   6.5749862e-01   3.4960252e+00
   6.7117140e-01   3.4890244e+00
   6.6859458e-01   3.4844803e+00
   6.5629942e-01   3.4926257e+00
   6.7532982e-01   3.4810298e+00
   6.6029928e-01   3.4860086e+00
   6.5893096e-01   3.4770472e+00
   6.7485261e-01   3.4817482e+00
   6.6439882e-01   3.4818989e+00
   6.6782684e-01   3.4829023e+00
   6.6993090e-01   3.4759204e+00
   6.6347104e-01   3.4734196e+00
   6.5824701e-01   3.4745155e+00
   6.5869391e-01   3.4846525e+00
   6.6003088e-01   3.4744819e+00
   6.6847682e-01   3.4818711e+00
   6.5444451e-01   3.4781577e+00
   6.7399233e-01   3.4757965e+00
   6.7173750e-01   3.4728007e+00
   6.6440086e-01   3.4693093e+00
   6.5378539e-01   3.4795753e+00
   6.6261432e-01   3.4800529e+00
   6.6419866e-01   3.4700040e+00
   6.5516151e-01   3.4752268e+00
   6.6493217e-01   3.4773278e+00
   6.7523235e-01   3.4687292e+00
   6.5523916e-01   3.4745850e+00
   6.7028408e-01   3.4716468e+00
   6.6253214e-01   3.4745888e+00
   6.6823364e-01   3.4710666e+00
   6.6809733e-01   3.4804460e+00
   6.6942293e-01   3.4724644e+00
   6.5438984e-01   3.4789940e+00
   6.6989456e-01   3.4671182e+00
   6.6515589e-01   3.4733066e+00
   6.5894442e-01   3.4700165e+00
   6.6700476e-01   3.4668224e+00
   2.0948869e-01   3.4755773e+00
   2.1226338e-01   3.4771137e+00
   1.9739779e-01   3.4070972e+00
   2.1015065e-01   3.3054932e+00
   2.1224274e-01   3.1588830e+00
   1.9164607e-01   3.0125787e+00
   1.9520730e-01   2.8442633e+00
   2.0226373e-01   2.6816801e+00
   2.0468937e-01   2.5057989e+00
   2.1014491e-01   2.3465297e+00
   1.9283527e-01   2.1911785e+00
   1.9014146e-01   2.0502319e+00
   2.0162629e-01   1.9108715e+00
   2.0005746e-01   1.7894747e+00
   1.9329601e-01   1.6775186e+00
   2.0208229e-01   1.5643351e+00
   1.9047525e-01   1.4715198e+00
   1.9322041e-01   1.3811500e+00
   2.0172812e-01   1.2990087e+00
   2.0950763e-01   1.2221196e+00
   1.9324421e-01   1.1554586e+00
   2.0155996e-01   1.0936044e+00
   1.9677931e-01   1.0341067e+00
   2.0463056e-01   9.9282441e-01
   2.1167051e-01   9.5292138e-01
   1.9358218e-01   9.1197944e-01
   2.0170794e-01   8.7919531e-01
   2.0414561e-01   8.3684734e-01
   1.9205403e-01   8.0984780e-01
   1.8943924e-01   7.8929632e-01
   2.0057716e-01   7.7000720e-01
   1.9707759e-01   7.4492015e-01
   1.9330456e-01   7.2769283e-01
   2.0586433e-01   7.0846868e-01
   1.9943021e-01   6.9793671e-01
   2.0263130e-01   6.8490981e-01
   1.8904598e-01   6.7408500e-01
   1.8952020e-01   6.6665671e-01
   2.0950321e-01   6.5306547e-01
   1.9184535e-01   6.4588749e-01
   2.1082902e-01   6.3129812e-01
   1.9669016e-01   6.2523598e-01
   2.0329452e-01   6.2282984e-01
   1.9651045e-01   6.2783815e-01
   1.9859857e-01   6.1949355e-01
   2.0971935e-01   6.0922085e-01
   1.9953680e-01   6.1240266e-01
   2.0426965e-01   6.0529411e-01
   2.1084913e-01   6.0355408e-01
   2.0497590e-01   6.0586286e-01
   1.9944613e-01   6.0010211e-01
   1.9655474e-01   6.0087451e-01
   1.8994180e-01   5.9767576e-01
   1.9415346e-01   5.9415528e-01
   2.1136318e-01   5.9463325e-01
   1.9034380e-01   5.8855606e-01
   2.0620945e-01   5.9420323e-01
   1.9798753e-01   5.8838697e-01
   2.0244003e-01   5.8053875e-01
   1.9411967e-01   5.9223198e-01
   1.9637129e-01   5.8431822e-01
   1.9848958e-01   5.8928111e-01
   1.9294567e-01   5.8753768e-01
   1.9373218e-01   5.7904204e-01
   2.0976361e-01   5.8340717e-01
   1.9077123e-01   5.7878188e-01
   1.9839997e-01   5.8719221e-01
   1.9398756e-01   5.8267582e-01
   2.1211646e-01   5.7806796e-01
   4.5540911e-01   5.8247589e-01
   4.6638772e-01   5.8046279e-01
   4.5508737e-01   6.0707301e-01
   4.5245678e-01   6.5253754e-01
   4.6739833e-01   7.0653724e-01
   4.7137788e-01   7.7108591e-01
   4.5798424e-01   8.4327672e-01
   4.7060757e-01   9.0675179e-01
   4.6257043e-01   9.7609708e-01
   4.4968873e-01   1.0537794e+00
   4.5314525e-01   1.1118067e+00
   4.6624441e-01   1.1652496e+00
   4.6028090e-01   1.2226147e+00
   4.6563463e-01   1.2773570e+00
   4.6453043e-01   1.3309162e+00
   4.5223814e-01   1.3771620e+00
   4.5177521e-01   1.4100066e+00
   4.6576793e-01   1.4532573e+00
   4.5678616e-01   1.4816385e+00
   4.6203095e-01   1.5128289e+00
   4.7172751e-01   1.5424403e+00
   4.5524390e-01   1.5636900e+00
   4.5591899e-01   1.5926779e+00
   4.6563109e-01   1.6049247e+00
   4.7023893e-01   1.6307606e+00
   4.5875171e-01   1.6489281e+00
   4.5976861e-01   1.6537634e+00
   4.5483485e-01   1.6771451e+00
   4.6961629e-01   1.6901119e+00
   4.6177910e-01   1.6976151e+00
   4.6885946e-01   1.6969414e+00
   4.6463626e-01   1.7062826e+00
   4.6471771e-01   1.7261995e+00
   4.7164495e-01   1.7327751e+00
   4.6238519e-01   1.7264693e+00
   4.6497336e-01   1.7310601e+00
   4.6954170e-01   1.7443979e+00
   4.4895968e-01   1.7500821e+00
   4.6895352e-01   1.7552679e+00
   4.6077902e-01   1.7583645e+00
   4.7030262e-01   1.7568976e+00
   4.5180386e-01   1.7625321e+00
   4.5818336e-01   1.7678161e+00
   4.5666663e-01   1.7616062e+00
   4.6490996e-01   1.7712234e+00
   4.5892616e-01   1.7632453e+00
   4.5782741e-01   1.7650011e+00
   4.6329158e-01   1.7643928e+00
   4.6857971e-01   1.7757700e+00
   4.6679023e-01   1.7735678e+00
   4.6352723e-01   1.7735079e+00
   4.5736439e-01   1.7697645e+00
   4.5199612e-01   1.7813331e+00
   4.5358493e-01   1.7686589e+00
   4.5507208e-01   1.7709975e+00
   4.6777549e-01   1.7814591e+00
   4.5111158e-01   1.7744007e+00
   4.5417663e-01   1.7812626e+00
   4.5062486e-01   1.7742601e+00
   4.6094894e-01   1.7830566e+00
   4.6566714e-01   1.7732464e+00
   4.5180947e-01   1.7782097e+00
   4.5938834e-01   1.7781387e+00
   4.6577071e-01   1.7769988e+00
   4.6066092e-01   1.7738651e+00
   4.5298364e-01   1.7847256e+00
   4.5917433e-01   1.7732634e+00
   4.6072943e-01   1.7781962e+00
   4.6573651e-01   1.7840930e+00
  -7.5992833e-01   1.7862563e+00
  -7.7376633e-01   1.7737283e+00
  -7.5992398e-01   1.6975547e+00
  -7.6602258e-01   1.5513758e+00
  -7.6017565e-01   1.3774264e+00
  -7.6444778e-01   1.1784427e+00
  -7.7224158e-01   9.5593391e-01
  -7.6091910e-01   7.4692341e-01
  -7.7888828e-01   5.3255587e-01
  -7.7837974e-01   3.2282336e-01
  -7.6041610e-01   1.2219964e-01
  -7.7427171e-01  -5.9977760e-02
  -7.6318012e-01  -2.4884733e-01
  -7.6148658e-01  -4.0431841e-01
  -7.7879001e-01  -5.6267123e-01
  -7.5830719e-01  -6.9608223e-01
  -7.7075628e-01  -8.3184205e-01
  -7.6502380e-01  -9.4102325e-01
  -7.6869908e-01  -1.0440054e+00
  -7.7525731e-01  -1.1419998e+00
  -7.6385771e-01  -1.2294598e+00
  -7.6373805e-01  -1.3075787e+00
  -7.6748780e-01  -1.3757998e+00
  -7.5612685e-01  -1.4497862e+00
  -7.5941368e-01  -1.4998369e+00
  -7.7691921e-01  -1.5563293e+00
  -7.6117899e-01  -1.5980090e+00
  -7.6976795e-01  -1.6445501e+00
  -7.7117381e-01  -1.6814779e+00
  -7.6542993e-01  -1.7074766e+00
  -7.5969925e-01  -1.7327484e+00
  -7.6720942e-01  -1.7627786e+00
  -7.6677634e-01  -1.7918308e+00
  -7.7011905e-01  -1.8022848e+00
  -7.6648366e-01  -1.8297423e+00
  -7.6922027e-01  -1.8401697e+00
  -7.6905003e-01  -1.8536298e+00
  -7.6013568e-01  -1.8736167e+00
  -7.6880134e-01  -1.8776649e+00
  -7.7583168e-01  -1.8872322e+00
  -7.6389808e-01  -1.9004876e+00
  -7.5779894e-01  -1.9131671e+00
  -7.6451474e-01  -1.9175287e+00
  -7.6487739e-01  -1.9275685e+00
  -7.6100673e-01  -1.9267815e+00
  -7.7883236e-01  -1.9358533e+00
  -7.7083715e-01  -1.9409280e+00
  -7.5590488e-01  -1.9484321e+00
  -7.7640055e-01  -1.9453647e+00
  -7.5651913e-01  -1.9500544e+00
  -7.5947929e-01  -1.9581550e+00
  -7.6476392e-01  -1.9642387e+00
  -7.5831253e-01  -1.9607187e+00
  -7.5783206e-01  -1.9687626e+00
  -7.5554121e-01  -1.9633488e+00
  -7.5833880e-01  -1.9630679e+00
  -7.5519766e-01  -1.9627353e+00
  -7.7130460e-01  -1.9745290e+00
  -7.7755625e-01  -1.9671868e+00
  -7.7314477e-01  -1.9660696e+00
  -7.7547601e-01  -1.9775245e+00
  -7.5710812e-01  -1.9718573e+00
  -7.6877635e-01  -1.9684445e+00
  -7.6810278e-01  -1.9698961e+00
  -7.7494824e-01  -1.9789251e+00
  -7.5859900e-01  -1.9745289e+00
  -7.5916744e-01  -1.9748951e+00
  -7.7084592e-01  -1.9820431e+00
  -7.5998000e-01  -1.9694627e+00
   8.3940490e-01  -1.9792145e+00
   8.3855161e-01  -1.9732777e+00
   8.4226665e-01  -1.8108590e+00
   8.2439359e-01  -1.5145469e+00
   8.2874503e-01  -1.1478616e+00
   8.2709441e-01  -7.2635889e-01
   8.3413237e-01  -2.9219797e-01
   8.2428536e-01   1.5372346e-01
   8.3888210e-01   6.0426436e-01
   8.2423055e-01   1.0301224e+00
   8.2907714e-01   1.4331088e+00
   8.3509878e-01   1.8322700e+00
   8.2812585e-01   2.1883909e+00
   8.4632838e-01   2.5270677e+00
   8.3025056e-01   2.8406821e+00
   8.2871585e-01   3.1341065e+00
   8.2870525e-01   3.3973670e+00
   8.2317421e-01   3.6286810e+00
   8.4278761e-01   3.8517747e+00
   8.2548119e-01   4.0419115e+00
   8.2529931e-01   4.2227626e+00
   8.2805736e-01   4.3880969e+00
   8.4345930e-01   4.5317502e+00
   8.3324919e-01   4.6671340e+00
   8.4271448e-01   4.7801126e+00
   8.4602024e-01   4.8811077e+00
   8.2935256e-01   4.9801014e+00
   8.3495164e-01   5.0607433e+00
   8.4106962e-01   5.1395573e+00
   8.2407726e-01   5.2139181e+00
   8.4352350e-01   5.2703508e+00
   8.2508420e-01   5.3249965e+00
   8.3741299e-01   5.3718464e+00
   8.2995974e-01   5.4132505e+00
   8.4559365e-01   5.4555850e+00
   8.4127914e-01   5.4862157e+00
   8.2910046e-01   5.5236110e+00
   8.3749650e-01   5.5466087e+00
   8.4198256e-01   5.5626773e+00
   8.3931722e-01   5.5854566e+00
   8.3563595e-01   5.6115122e+00
   8.2285944e-01   5.6219714e+00
   8.2839619e-01   5.6401293e+00
   8.3627544e-01   5.6541509e+00
   8.3676492e-01   5.6621659e+00
   8.2320993e-01   5.6763786e+00
   8.2361531e-01   5.6919454e+00
   8.3196160e-01   5.6907910e+00
   8.3930924e-01   5.7000296e+00
   8.4594914e-01   5.7142034e+00
   8.4250318e-01   5.7117327e+00
   8.3771481e-01   5.7264565e+00
   8.3686832e-01   5.7210278e+00
   8.3627616e-01   5.7348729e+00
   8.4235076e-01   5.7328868e+00
   8.3782511e-01   5.7341175e+00
   8.3778309e-01   5.7414312e+00
  -4.6560667e-01   5.7500224e+00
