  -4.9682937e-01  -1.2912703e+00
  -1.5497199e-01  -3.9466170e-01
  -9.1547113e-01  -2.1745539e+00
   3.9936479e-01   1.3384001e+00
  -1.0549360e-02  -6.2813558e-03
  -7.3684004e-01  -1.8206858e+00
   3.1514567e-01   1.0401658e+00
  -8.9574947e-01  -2.1684603e+00
  -8.6919579e-01  -2.0822212e+00
  -1.1007618e-02  -3.3543164e-02
   1.5808794e-01   4.3860859e-01
   5.2645669e-01   2.3422734e+00
   4.1251824e-01   1.5805198e+00
  -3.6952925e-01  -1.0178473e+00
  -5.9922279e-01  -1.5701031e+00
  -9.5798704e-01  -2.1837030e+00
   1.5705545e-02  -3.4963228e-02
   1.1510174e-01   2.6821283e-01
  -9.4584233e-01  -2.2835487e+00
   8.1240938e-01   5.4028426e+00
   2.1341385e-01   5.9287799e-01
  -5.1624771e-01  -1.3976145e+00
  -2.7420465e-01  -6.5536493e-01
  -2.0658521e-01  -5.3537099e-01
   8.5881447e-01   6.0917438e+00
  -9.3804962e-01  -2.1629158e+00
  -4.0031497e-01  -1.0597144e+00
   8.1971857e-01   5.5054741e+00
   9.7725147e-01   8.5938208e+00
   4.0326650e-01   1.4755085e+00
  -8.1266754e-01  -2.0133820e+00
  -7.3314250e-01  -1.8696885e+00
  -8.3142380e-01  -2.0985070e+00
   3.3559072e-01   1.1392822e+00
  -6.1981218e-01  -1.6342273e+00
  -2.6133339e-01  -6.3939536e-01
  -7.3308952e-02  -1.4061066e-01
   9.3415186e-01   7.5017517e+00
   5.3022552e-01   2.2111377e+00
  -9.0075132e-01  -2.2251011e+00
   8.0954779e-01   5.3096036e+00
  -1.2070696e-01  -4.1166166e-01
   5.3974539e-01   2.2321189e+00
   4.8776513e-01   2.0557042e+00
  -7.0064602e-01  -1.7868512e+00
   4.5637528e-01   1.7159260e+00
   5.1522238e-01   2.1597452e+00
  -1.9957536e-01  -5.4793799e-01
   7.7492100e-01   4.9581611e+00
   5.2256633e-01   2.1088186e+00
  -5.9283290e-01  -1.6635933e+00
   3.8082662e-01   1.2478606e+00
  -6.2221167e-01  -1.5393664e+00
   5.0015843e-02   1.7283848e-01
   9.1293714e-01   7.0914541e+00
  -5.2285595e-01  -1.4539682e+00
  -6.6753519e-01  -1.8437793e+00
  -2.0289228e-01  -5.4198315e-01
  -6.0598869e-01  -1.6870241e+00
  -9.3863127e-01  -2.2750046e+00
  -7.8469979e-01  -2.0743459e+00
   8.8255292e-01   6.6423203e+00
  -7.8583369e-01  -2.0788939e+00
  -1.1208268e-01  -2.4659740e-01
   3.3800702e-01   1.1713669e+00
  -8.1035800e-01  -2.1345183e+00
  -1.4750612e-01  -4.7733191e-01
  -2.1162013e-01  -6.0109324e-01
   7.3029385e-01   4.2618709e+00
  -3.1797399e-01  -9.0735949e-01
  -2.4981696e-01  -6.7688873e-01
   5.8674321e-01   2.7789865e+00
  -4.0120784e-02  -1.2250785e-02
   3.7838796e-01   1.2287891e+00
  -1.5766655e-01  -4.5912031e-01
  -1.0996511e-01  -2.2880571e-01
  -9.9886886e-01  -2.2286199e+00
   6.6186119e-01   3.5498902e+00
  -2.1730949e-01  -6.3959058e-01
  -8.5478853e-01  -2.1471524e+00
  -7.8617240e-01  -1.9702548e+00
  -3.8086967e-01  -1.0744842e+00
  -5.4729484e-01  -1.5175075e+00
  -6.3400624e-01  -1.6125628e+00
  -5.3709531e-01  -1.4433078e+00
  -4.5531651e-01  -1.1583842e+00
  -8.2714977e-01  -2.1766655e+00
   4.5884147e-01   1.7435913e+00
  -9.8418268e-01  -2.1171984e+00
   2.7065832e-01   7.7061242e-01
  -7.9636460e-01  -2.0332218e+00
  -1.3465851e-01  -2.4244435e-01
   5.8128044e-01   2.7602978e+00
   9.9494286e-01   8.9859727e+00
  -2.7983956e-01  -7.6053240e-01
   8.6214433e-01   6.1553035e+00
   8.0596896e-01   5.2366314e+00
  -9.7417944e-01  -2.1612595e+00
  -8.8737221e-01  -2.1454639e+00
  -2.3530419e-01  -5.8076373e-01
  -5.9162552e-01  -1.6061105e+00
   1.5063301e-01   5.0355849e-01
   1.3491178e-01   4.5594779e-01
  -3.2134313e-01  -8.0030152e-01
  -5.3650125e-01  -1.4640933e+00
  -7.9344683e-01  -2.0859918e+00
  -8.0230885e-01  -2.0456430e+00
   3.7135774e-01   1.1798198e+00
   9.4109775e-01   7.6821670e+00
  -2.8786855e-01  -7.2392796e-01
  -7.2880252e-01  -1.9512430e+00
  -9.5715472e-02  -3.1907356e-01
  -5.7139375e-01  -1.5242248e+00
  -3.3359708e-01  -8.6518594e-01
  -7.7845056e-01  -2.0013574e+00
   4.4961114e-01   1.6841052e+00
   9.1723503e-01   7.3107928e+00
   7.2577804e-01   4.1392134e+00
   9.2547107e-01   7.3372225e+00
   9.2638569e-01   7.3619684e+00
   7.8730111e-01   5.0750537e+00
  -6.6834234e-01  -1.6728197e+00
   3.1717496e-01   9.1875761e-01
   2.2145363e-01   7.0936282e-01
  -2.0195018e-01  -4.7313218e-01
   3.2023318e-01   1.0618724e+00
  -8.6159842e-01  -2.1729992e+00
  -7.9027226e-01  -2.1319828e+00
   4.5309382e-01   1.7718740e+00
  -8.5678962e-01  -2.1499526e+00
   5.7806938e-01   2.6671277e+00
   9.9220209e-01   8.8403875e+00
   3.2201881e-01   9.9681363e-01
  -4.6288629e-01  -1.0995884e+00
   6.2435446e-01   3.1621087e+00
   5.6999829e-02   1.6001776e-01
   2.5403082e-01   8.2755991e-01
  -7.0460073e-01  -1.9019963e+00
   8.8373112e-01   6.5373105e+00
   6.5138326e-01   3.4393821e+00
  -6.3171685e-01  -1.6546105e+00
  -5.7442299e-01  -1.4218552e+00
   3.9953009e-01   1.4961960e+00
  -5.2355841e-02  -1.9485188e-01
   9.1052993e-01   7.1577185e+00
   8.8539366e-01   6.7155975e+00
  -9.2100215e-01  -2.2102975e+00
  -1.1985752e-01  -1.9865200e-01
   6.2591652e-01   3.0057971e+00
  -6.1081205e-01  -1.7052950e+00
  -3.3682998e-01  -8.1750949e-01
  -8.2665982e-01  -2.1288449e+00
  -6.6220490e-02  -9.0315084e-02
   7.2014064e-01   4.1208437e+00
  -1.4064983e-03  -5.3721845e-02
   6.5009603e-01   3.4195509e+00
  -5.7485972e-01  -1.5433912e+00
   7.5965372e-01   4.6808712e+00
   1.9540837e-01   4.7012079e-01
   6.9224712e-01   3.7033319e+00
  -8.1620044e-01  -2.1535065e+00
  -7.2484311e-01  -1.9921607e+00
   8.6019671e-03  -1.3461153e-02
  -2.8889220e-01  -6.8386135e-01
  -2.4140036e-01  -6.3475631e-01
  -4.6154970e-01  -1.2185728e+00
   5.9805818e-01   2.8517436e+00
  -8.8203556e-01  -2.2627606e+00
   8.7546400e-01   6.3859903e+00
  -7.3252016e-01  -1.8798744e+00
  -6.0020166e-01  -1.6602982e+00
  -2.5761981e-02  -6.2638671e-02
  -7.5303100e-01  -1.8525841e+00
   8.9980720e-01   6.9238128e+00
   2.3876207e-01   6.5790659e-01
   8.9762618e-01   6.8478114e+00
  -3.2049795e-01  -8.6863523e-01
  -6.8578785e-01  -1.8329528e+00
  -6.7672626e-01  -1.6732298e+00
   3.4483543e-01   1.1164529e+00
  -9.3680859e-01  -2.2167971e+00
  -4.3162443e-02  -2.0747932e-01
   4.2945586e-01   1.5508209e+00
  -2.9268136e-01  -8.3999139e-01
  -1.1335139e-01  -1.7848775e-01
   1.1622992e-01   2.6636115e-01
   6.2894748e-01   3.1544932e+00
   2.2137643e-01   7.6055063e-01
   8.2562689e-01   5.5270072e+00
  -2.3173839e-01  -4.7809313e-01
  -9.6720120e-01  -2.1360917e+00
   3.2081511e-01   1.0042222e+00
   2.9992950e-01   9.1954165e-01
  -4.9103917e-01  -1.2211237e+00
   7.4611426e-01   4.3551588e+00
   1.0148728e-01   3.7575443e-01
   2.7292056e-01   8.3308650e-01
  -9.6552197e-01  -2.2137248e+00
  -2.0955098e-01  -6.0854900e-01
   2.2163142e-01   7.6302180e-01
